    0.979106181248506182E-97    0.498816173925223438E+03    0.280074973361145840E+00    0.111909025041667469E+02
    0.139429552207225428E-96    0.498089164987091749E+03    0.720443265451219284E+00    0.897721522526591187E+01
    0.799330876845067506E-96    0.494576733982817416E+03    0.726468701500880498E+00    0.883024886088572458E+01
    0.444295887961736115E-94    0.486520962048717820E+03    0.632700555208297266E+00    0.983138981007073909E+01
    0.544553845193429565E-94    0.486094009904872053E+03    0.325614749315811081E+00    0.115080063816019020E+02
    0.128487594549238422E-93    0.484357108653935654E+03    0.312497879226273145E+00    0.115329416524289705E+02
    0.539965592802933020E-93    0.481465762531346400E+03    0.636504435799625234E+00    0.979673392156193401E+01
    0.542441909562954936E-93    0.481436611371270601E+03    0.438376264220807887E+00    0.110545053450975104E+02
    0.112009820396026815E-91    0.475361259901246342E+03    0.618348772974911198E+00    0.993221344206463996E+01
    0.294476967786599399E-91    0.473408031416007816E+03    0.294182430086998126E+00    0.115269203099367985E+02
    0.128676660704981744E-89    0.465833487125081092E+03    0.301999678064666155E+00    0.109723830608612580E+02
    0.180949066734028237E-89    0.465131661443575240E+03    0.506764806094853415E+00    0.106685739364509438E+02
    0.294300077504077663E-89    0.464138892791207468E+03    0.717667137167933289E+00    0.875451015066990124E+01
    0.190646242183014960E-88    0.460382083291287302E+03    0.592850827700023175E+00    0.900188536911550230E+01
    0.195541621352086202E-88    0.460311375934983971E+03    0.316415399872445269E+00    0.114947091109160731E+02
    0.747430597221456695E-87    0.453004469347555585E+03    0.284658865960667973E+00    0.114256958395265364E+02
    0.116203361453610499E-85    0.447496728340091863E+03    0.297105697600827889E+00    0.114776162797608805E+02
    0.203951697033285604E-83    0.437141305139340943E+03    0.632773551249944499E+00    0.978451364573323801E+01
    0.100307711869893117E-81    0.429330245980388725E+03    0.616677536793476588E+00    0.990363226965326859E+01
    0.248080243265143796E-81    0.427499226629716247E+03    0.634111230704887285E+00    0.886519104343179620E+01
    0.410704125482258922E-81    0.426470985008654907E+03    0.589918529044495710E+00    0.100991823326011776E+02
    0.131574100010879577E-80    0.424122420572306794E+03    0.391004840226060135E+00    0.112254556105606156E+02
    0.132626020132882226E-80    0.424086494376966243E+03    0.461419192796444999E+00    0.974462240531797619E+01
    0.860280550353212686E-80    0.420327043839714861E+03    0.644694162258541814E+00    0.966831708140790980E+01
    0.862313292668903543E-79    0.415697153462098413E+03    0.422282716582300544E+00    0.110801451288286259E+02
    0.900451725120392956E-79    0.415590597660093238E+03    0.345417287659224526E+00    0.113757096948750167E+02
    0.181823597565563980E-78    0.414165146636697045E+03    0.497985632035364389E+00    0.106809144639719058E+02
    0.484636347982011925E-78    0.412184422959072094E+03    0.361617557456496375E+00    0.104724437174023706E+02
    0.153289582401627117E-77    0.409861392740656811E+03    0.696868506868248860E+00    0.910341276704524915E+01
    0.196124670799525818E-77    0.409348549331474317E+03    0.703373539102331358E+00    0.885995148959450063E+01
    0.277903186639105641E-76    0.404026334603466125E+03    0.403506127345097831E+00    0.101545366611699315E+02
    0.711808678635835787E-74    0.392914921507522251E+03    0.583485726133002425E+00    0.101154911382559511E+02
    0.117781975397292145E-72    0.387282528967988924E+03    0.420847428867862861E+00    0.110620190582628446E+02
    0.302507730146015384E-72    0.385375985803897720E+03    0.568830241725840180E+00    0.917679816433689766E+01
    0.791316603742963914E-72    0.383432803176065079E+03    0.309637792276814816E+00    0.110515550332288370E+02
    0.119069009122450716E-71    0.382595622813358716E+03    0.438310331592588309E+00    0.992966863806608657E+01
    0.511492969891305588E-71    0.379660361598213399E+03    0.686465477107123578E+00    0.917541562663272714E+01
    0.118052537285888683E-70    0.377967599581381705E+03    0.307693289191009245E+00    0.113172539995131629E+02
    0.148161898132638756E-70    0.377493247930241296E+03    0.312561952557468603E+00    0.113416344199109140E+02
    0.125122766316402031E-69    0.373206098136907883E+03    0.509499064011157854E+00    0.949734687037889458E+01
    0.235873477127155233E-69    0.371918097813831196E+03    0.590622335381709829E+00    0.100447120147692708E+02
    0.487584055458355409E-69    0.370445763514569478E+03    0.689656678358699926E+00    0.908911874090180660E+01
    0.574325071209758688E-69    0.370098297784291958E+03    0.573905433814676069E+00    0.101622570631643292E+02
    0.102676051433244925E-68    0.368916360922253773E+03    0.671615750810895196E+00    0.885379617667772933E+01
    0.176676313103949507E-68    0.367810880084912355E+03    0.369358162887517438E+00    0.112488842051309561E+02
    0.506978353273035911E-68    0.365682582108706015E+03    0.340272963218349100E+00    0.113206272885594394E+02
    0.737911953972501568E-68    0.364911869694791676E+03    0.577265299479854055E+00    0.915590921059088814E+01
    0.204522870438390302E-67    0.362852988926420949E+03    0.374494824041600227E+00    0.104199507739302497E+02
    0.263181572052052455E-67    0.362328660172649052E+03    0.656739569517708288E+00    0.948513996821985117E+01
    0.271145407521896452E-66    0.357643867878451942E+03    0.686843713783356846E+00    0.908620959316334620E+01
    0.428077177963360962E-66    0.356710571347321377E+03    0.686529667361774121E+00    0.908846316124168041E+01
    0.745899978942558017E-66    0.355579995321200954E+03    0.624887758641373026E+00    0.897422318421988763E+01
    0.341940238694826058E-65    0.352514736202402730E+03    0.670247890124860968E+00    0.888617185162896206E+01
    0.958095506182526299E-65    0.350434113232067261E+03    0.358754290989530156E+00    0.105701627609411339E+02
    0.510000776884957064E-64    0.347070013480643070E+03    0.510795404861180691E+00    0.951245735083952937E+01
    0.863739589694954561E-64    0.345996295333569833E+03    0.332038994441894608E+00    0.108453661827914623E+02
    0.974846014553826585E-64    0.345734278929217055E+03    0.584638443759063153E+00    0.914130102746380757E+01
    0.126939205726932628E-62    0.340581081053140963E+03    0.662486088273481100E+00    0.938864042967431800E+01
    0.342837365004240680E-62    0.338573985246283883E+03    0.671418230321595755E+00    0.927652566845064541E+01
    0.646084165293185003E-62    0.337286638042453831E+03    0.678436586063025593E+00    0.894957398454058151E+01
    0.116157107328616506E-61    0.336093440124136123E+03    0.316896213957618189E+00    0.111558375590588419E+02
    0.989762805561211497E-61    0.331788396772560759E+03    0.660632069288177193E+00    0.939236401834936174E+01
    0.137557487761170837E-57    0.317294562831691110E+03    0.598980506505980115E+00    0.911156592536105236E+01
    0.145470395206811972E-57    0.317162701483688807E+03    0.376918530314573619E+00    0.111633829326793652E+02
    0.339318582271377752E-57    0.315448767803199644E+03    0.653736499001838833E+00    0.896431204306963281E+01
    0.185553236688256663E-56    0.312030792828566689E+03    0.623239625839847489E+00    0.903312225021567272E+01
    0.410728321842571514E-55    0.305816442347765872E+03    0.402655163798558480E+00    0.110585795733367860E+02
    0.124173192150398618E-54    0.303583781514800307E+03    0.415948977670777709E+00    0.110017000569826990E+02
    0.177718377424995638E-54    0.302846735822655489E+03    0.635820474306530770E+00    0.959612578797765536E+01
    0.121135482759963412E-52    0.294382976523948003E+03    0.571128374588117715E+00    0.925385814772837278E+01
    0.352899650056538742E-52    0.292224428268710938E+03    0.383080420248170017E+00    0.104349701780074291E+02
    0.380411652275227816E-52    0.292054287823147149E+03    0.337436138942102115E+00    0.111613581802245108E+02
    0.103208993577671127E-51    0.290038113568198298E+03    0.393080997025468615E+00    0.103548340019807732E+02
    0.118595955765669996E-51    0.289740180788442672E+03    0.397115098249717857E+00    0.110605126934930063E+02
    0.270457520963359083E-51    0.288071395466835668E+03    0.644160955943838265E+00    0.902553050669522250E+01
    0.271383263949373334E-51    0.288044561401091244E+03    0.425171687282585420E+00    0.109447780949945113E+02
    0.764329787781934469E-51    0.285953626849982300E+03    0.615403609545979280E+00    0.909210943561243568E+01
    0.157940805709139092E-50    0.284482014744014748E+03    0.657961572399499039E+00    0.904432992872979469E+01
    0.184694467494105806E-50    0.284149049509361475E+03    0.549382916170411351E+00    0.102466431359158818E+02
    0.958245169263343919E-50    0.280836248048770074E+03    0.646022351647320026E+00    0.945135737871504844E+01
    0.261736608796232808E-49    0.278806607812543632E+03    0.653881657925525439E+00    0.905097989408225345E+01
    0.924212115739302338E-49    0.276263401973294492E+03    0.388252007446945158E+00    0.110733468366766168E+02
    0.249395323906304876E-48    0.274258036435481927E+03    0.349452938352879272E+00    0.111364021565731228E+02
    0.293336039747258243E-48    0.273913477312530347E+03    0.559512019354507006E+00    0.932929091204212568E+01
    0.452112140055900783E-48    0.273028254509815838E+03    0.343656691408690096E+00    0.108872412047113230E+02
    0.466388525632143654E-48    0.272946076937387204E+03    0.554434130009516801E+00    0.935443808322620640E+01
    0.588613519272875466E-48    0.272460575394757711E+03    0.429781904027303208E+00    0.100966349488781439E+02
    0.645424738695178937E-48    0.272256297783518903E+03    0.339504980408912804E+00    0.110743171287391569E+02
    0.150566245978071522E-47    0.270542138496981295E+03    0.340803716645516397E+00    0.110817995190405512E+02
    0.194365743721877975E-46    0.265406291308747257E+03    0.360935409394980089E+00    0.111162146374645907E+02
    0.228717440786167580E-46    0.265060799913571543E+03    0.657818092770008800E+00    0.918217706080962515E+01
    0.395880832919151937E-46    0.263943548152909443E+03    0.560893239767371266E+00    0.933384814189331991E+01
    0.467013845035252133E-46    0.263593056822927792E+03    0.627825909868550469E+00    0.960746463968439812E+01
    0.594851449487780475E-45    0.258483981025615890E+03    0.351289399823715764E+00    0.108234186083395549E+02
    0.451443678493937366E-44    0.254410533014955519E+03    0.481572443071620448E+00    0.977293853197521400E+01
    0.716174837423747049E-44    0.253467585611927291E+03    0.371476331497145706E+00    0.106018618551782424E+02
    0.148852295000680302E-43    0.251984355061827785E+03    0.599259972325295043E+00    0.984257022394977810E+01
    0.265547077952040352E-43    0.250806679786835701E+03    0.629994944674256097E+00    0.911562539779915326E+01
    0.166412869329384219E-42    0.247116150156714355E+03    0.358847387065026446E+00    0.110713386205568796E+02
    0.247774655111774576E-42    0.246300054518245929E+03    0.616527587182131409E+00    0.968431365687342449E+01
    0.270778062177071411E-42    0.246102494833759977E+03    0.370570183333814474E+00    0.110660497216496090E+02
    0.375373345536719320E-42    0.245429251649348799E+03    0.477101013523446582E+00    0.106435269455547079E+02
    0.237967922113216727E-40    0.237110481747869386E+03    0.634380020769698572E+00    0.948085411045310167E+01
    0.298321239229259392E-40    0.236638411735193614E+03    0.646028680092542218E+00    0.919874002916069955E+01
    0.122844289259010237E-39    0.233787748104165786E+03    0.645507630124084741E+00    0.927613186577129767E+01
    0.144093155377120562E-39    0.233448663323463848E+03    0.445225868145771753E+00    0.107910640830111397E+02
    0.208233695235124559E-39    0.232692261361397470E+03    0.359518116174324331E+00    0.110245487863442477E+02
    0.423884845770422330E-39    0.231250659672621737E+03    0.434683739144852088E+00    0.108364262197564827E+02
    0.106014569539752096E-38    0.229397260076684574E+03    0.389446034170642164E+00    0.109978249854607348E+02
    0.263204542877470181E-38    0.227558550224044865E+03    0.503855687108014538E+00    0.967007994866964182E+01
    0.292784551960564576E-38    0.227325539100999237E+03    0.641860630521325026E+00    0.932513770752929005E+01
    0.655061570949232834E-38    0.225694954677661599E+03    0.590490293475278927E+00    0.925979750491514508E+01
    0.100824883679942636E-37    0.224812472582854554E+03    0.369682698764150552E+00    0.106857571848067359E+02
    0.105367654931613401E-37    0.224704331537399725E+03    0.480440296129073463E+00    0.106022098076737414E+02
    0.104768069900825183E-37    0.224695744859117156E+03    0.382433525165368771E+00    0.110044321021104459E+02
    0.309975802976461234E-37    0.222506254477970487E+03    0.391393480188549747E+00    0.109807932844776346E+02
    0.426193511031021276E-37    0.221849455968256621E+03    0.512063672000681924E+00    0.963028441180401984E+01
    0.544821790158098706E-37    0.221338325455697515E+03    0.574754058066573204E+00    0.999335326645290678E+01
    0.740425782896549065E-37    0.220704792150962874E+03    0.361276409760431350E+00    0.108223658211513118E+02
    0.935043484934780785E-37    0.220218056884688991E+03    0.406429615886251816E+00    0.109324669666780245E+02
    0.249178202746588129E-36    0.218237736142671622E+03    0.597155247959993307E+00    0.980942886197948027E+01
    0.311204566764216588E-36    0.217773171837241080E+03    0.610516052647439023E+00    0.921445201075269082E+01
    0.338673650301922129E-36    0.217583998850562722E+03    0.418177384176003197E+00    0.108863930171254069E+02
    0.569027069433733379E-36    0.216526216757634643E+03    0.604283383453576239E+00    0.974413660022525363E+01
    0.661417582900104824E-36    0.216205302001896655E+03    0.364903495993440574E+00    0.109769130190381787E+02
    0.734391732805775540E-36    0.215975987606678274E+03    0.453339207248980025E+00    0.999880307558881043E+01
    0.129008253660739056E-35    0.214829149816668320E+03    0.631341765471320149E+00    0.944985023741146435E+01
    0.138669863019050838E-35    0.214664710541139215E+03    0.539288641480191844E+00    0.949519335121102515E+01
    0.948605239513082339E-35    0.210798917111340671E+03    0.632145747645320721E+00    0.923186757409222736E+01
    0.103855823476443557E-34    0.210597725149853716E+03    0.373554973343894203E+00    0.109771850067769421E+02
    0.166943152166441983E-34    0.209628425702489551E+03    0.413676443204021804E+00    0.102996591904514183E+02
    0.177549572441704022E-34    0.209485232696471655E+03    0.629170163982905151E+00    0.922604006753977046E+01
    0.145419378964535666E-33    0.205259318539894963E+03    0.633454602433940694E+00    0.935171385759608143E+01
    0.157062173203979671E-33    0.205085278743801098E+03    0.616249722349481277E+00    0.923247538832972481E+01
    0.450891607269286470E-33    0.202956108269118999E+03    0.578323632876260763E+00    0.993949613921665076E+01
    0.925604100758085331E-33    0.201497669000558631E+03    0.366900146007537842E+00    0.108471411466598511E+02
    0.119732683588345807E-32    0.200962868784777186E+03    0.627533582133199652E+00    0.925646345132424742E+01
    0.209623078427544492E-32    0.199822769920291876E+03    0.631298607515748955E+00    0.935597595673339200E+01
    0.577902974403768074E-31    0.193169409860621670E+03    0.509622389898718109E+00    0.967856670130558427E+01
    0.127525278403857099E-30    0.191566422441213660E+03    0.512213386896625433E+00    0.966619242439923809E+01
    0.127575235331847428E-30    0.191545639111883645E+03    0.576752226429280146E+00    0.993419295635412425E+01
    0.191041539631337533E-30    0.190718069876328059E+03    0.467551284466352579E+00    0.993634407803696362E+01
    0.217824547158671405E-30    0.190435671836705012E+03    0.626257932800270312E+00    0.931291086167211546E+01
    0.222570276906766274E-30    0.190372565849085788E+03    0.377575629754433484E+00    0.109122339823399059E+02
    0.252682773230899171E-30    0.190098781972612073E+03    0.570426341487391131E+00    0.998122202621912535E+01
    0.275279982467215299E-30    0.189907474259493057E+03    0.450867759746063690E+00    0.107087374195617002E+02
    0.331142480892611381E-30    0.189517954177837197E+03    0.517124053022983254E+00    0.103467747206693694E+02
    0.127036678347733546E-29    0.186808929767802255E+03    0.407207422394927465E+00    0.103927549259353782E+02
    0.127942684832392637E-29    0.186774716691318702E+03    0.377331776846742961E+00    0.108944757610909981E+02
    0.839556363397663347E-29    0.182992134242080738E+03    0.422916517921005097E+00    0.102679897341850292E+02
    0.163365562133609074E-28    0.181640730478799810E+03    0.586717539430332224E+00    0.983530770642209262E+01
    0.275141112098487509E-28    0.180578143081190973E+03    0.377351631527176212E+00    0.107603824168243278E+02
    0.277639462036154267E-28    0.180540064537436706E+03    0.608260947753141212E+00    0.962690510231416141E+01
    0.728593931559581541E-28    0.178590478171845007E+03    0.434903791202212231E+00    0.101820361518132785E+02
    0.211187706034865971E-27    0.176442046416974506E+03    0.609977738463617247E+00    0.959487554958005973E+01
    0.468114261621674251E-27    0.174830116267360893E+03    0.380289354106413569E+00    0.108386042380587639E+02
    0.142175016282727264E-26    0.172588253295700099E+03    0.421776911492416362E+00    0.102951838395915054E+02
    0.190956038659807296E-26    0.171978284436197669E+03    0.433073527199860586E+00    0.102066029315623865E+02
    0.112405103894605725E-25    0.168412982035662310E+03    0.385122539779067297E+00    0.106879386662642730E+02
    0.114981531767934320E-25    0.168347657680860721E+03    0.601398571004010840E+00    0.934207656841887157E+01
    0.199979588581209576E-25    0.167220770116657832E+03    0.393113354272398574E+00    0.108492536679068579E+02
    0.372282845941693570E-25    0.165957892917319299E+03    0.574737855873449277E+00    0.941246369406188066E+01
    0.376194525100609133E-25    0.165916987997950741E+03    0.565210518638845971E+00    0.998235365811719078E+01
    0.616900286519592120E-25    0.164907785923817414E+03    0.578225472541741725E+00    0.940282836701864255E+01
    0.373725679863318892E-24    0.161284986435185743E+03    0.385762257465460390E+00    0.107516780031339891E+02
    0.439177817891271433E-24    0.160942221772745881E+03    0.469012723715377444E+00    0.105794312491298328E+02
    0.527179928744602986E-24    0.160556946717084941E+03    0.598774917920392724E+00    0.936674556114554591E+01
    0.733618076017018915E-24    0.159876053417576031E+03    0.394406402515093402E+00    0.108235740242737499E+02
    0.218408252911657459E-23    0.157674128290745784E+03    0.490002611570534374E+00    0.984059421645774179E+01
    0.409718292742527584E-23    0.156395920687830738E+03    0.463852707969731437E+00    0.105980747736685608E+02
    0.215513889251601977E-22    0.153055639449684463E+03    0.601046793069925700E+00    0.939234793822350866E+01
    0.489133366919609665E-22    0.151396419794632067E+03    0.392376993789032735E+00    0.106698981206685950E+02
    0.584140921031058300E-22    0.151021405653475995E+03    0.601943092353942055E+00    0.960056229340764844E+01
    0.609301574715898455E-22    0.150917063483748620E+03    0.463839053187434347E+00    0.105895411429200266E+02
    0.933207860266251196E-22    0.150044434241127504E+03    0.392678544856368938E+00    0.107586429466747369E+02
    0.107030041727077558E-21    0.149750300863478088E+03    0.450889072296492777E+00    0.106474989888658271E+02
    0.122273512053881169E-21    0.149463999106194251E+03    0.519640206397717241E+00    0.102747074029134744E+02
    0.138881514079910987E-21    0.149189277675345863E+03    0.445508217759903735E+00    0.101512834347598044E+02
    0.147745006683572820E-21    0.149045544261190742E+03    0.601116842138905039E+00    0.940976716922497047E+01
    0.574898002974116214E-20    0.141702964517347993E+03    0.505147126980242112E+00    0.103517875578362855E+02
    0.576629070106541346E-20    0.141676951394506574E+03    0.474508473631353733E+00    0.105216035934264731E+02
    0.111672429900684944E-19    0.140335039903468953E+03    0.589488514147389342E+00    0.943691770929716967E+01
    0.128223291428455314E-19    0.140038633192433394E+03    0.436663496311298915E+00    0.102364930247441102E+02
    0.460740716984596836E-19    0.137460508711764930E+03    0.598467381716604963E+00    0.957578395789225212E+01
    0.181290985572317035E-18    0.134700802632298178E+03    0.598416696459471376E+00    0.954413774207970889E+01
    0.218693513569298587E-18    0.134305666886814919E+03    0.514606001825772430E+00    0.102821063364232366E+02
    0.245335938383316442E-18    0.134055752526403694E+03    0.481783566329318513E+00    0.104711478543648724E+02
    0.439499571263037362E-18    0.132869735940004915E+03    0.412234745252321844E+00    0.107289513811113721E+02
    0.916615304029990192E-18    0.131379633686322222E+03    0.474371192625907545E+00    0.105050086943557694E+02
    0.289205975686393594E-17    0.129061560931470581E+03    0.587249085175799768E+00    0.969462643045731198E+01
    0.615418356947350575E-17    0.127531234653771364E+03    0.578818052987029041E+00    0.978145503294551943E+01
    0.803310951434538474E-17    0.126978355484957603E+03    0.570752096407916243E+00    0.950911504753087655E+01
    0.128516899227954938E-16    0.126018548236876839E+03    0.465872569554303451E+00    0.100471825833760846E+02
    0.170824134773786952E-16    0.125429399899920540E+03    0.488206718654672911E+00    0.104217800966847491E+02
    0.225081546022428907E-16    0.124857743524636703E+03    0.483127840196571123E+00    0.993560099398159835E+01
    0.469673382586222896E-16    0.123366594006336300E+03    0.542785899547669093E+00    0.961759562911485233E+01
    0.972761782190255988E-16    0.121890390603176101E+03    0.417701887856344045E+00    0.106855189451829347E+02
    0.109687418792558969E-15    0.121630229518654374E+03    0.477464840282189773E+00    0.997771286953551595E+01
    0.193742043905010227E-15    0.120472443657920238E+03    0.421666755232508017E+00    0.106775407651554133E+02
    0.493395759337606479E-15    0.118582875646703727E+03    0.458403174317872752E+00    0.105566246413512239E+02
    0.497473522487789451E-15    0.118546414197164168E+03    0.587382071637448711E+00    0.962917365763272315E+01
    0.603723072354207772E-15    0.118139267658635532E+03    0.588028539121496330E+00    0.960673326837705943E+01
    0.692039475495929927E-15    0.117846212866258753E+03    0.538693046147731391E+00    0.964669600340764077E+01
    0.806921902031551180E-15    0.117519045089441789E+03    0.567992513319589887E+00    0.985546627590503377E+01
    0.134794940761042697E-14    0.116472819346625400E+03    0.411823742055578257E+00    0.105926352323944819E+02
    0.138688874318396505E-14    0.116395862459070841E+03    0.412418034900453090E+00    0.106331041551792929E+02
    0.273504919334119895E-14    0.115017689462687215E+03    0.417555691762159231E+00    0.104926165983299491E+02
    0.298765876010983778E-14    0.114821008192694379E+03    0.432603314454061860E+00    0.106394754335349120E+02
    0.478990651358392960E-14    0.113856966518833900E+03    0.584048067144537164E+00    0.956005537890775159E+01
    0.510509596460310594E-14    0.113709509808106006E+03    0.554904137076156267E+00    0.995845998670674959E+01
    0.635507544090071975E-14    0.113251480755943575E+03    0.425331444249221979E+00    0.106472700934095563E+02
    0.883609933316770436E-14    0.112572297252574089E+03    0.572259886180278787E+00    0.979788262931637632E+01
    0.111113520153101594E-13    0.112094053727714936E+03    0.495656467588228122E+00    0.988235327422382781E+01
    0.138360050982785500E-13    0.111635439788196265E+03    0.436840187922050205E+00    0.106192793531054654E+02
    0.182042315166825458E-13    0.111066680171353994E+03    0.422723763718119705E+00    0.106389744244343092E+02
    0.263790069140913112E-13    0.110304851304962767E+03    0.570249064318227861E+00    0.981031190552703691E+01
    0.382059915986751849E-13    0.109544003604412438E+03    0.574505122796806322E+00    0.976098270105267218E+01
    0.537799566537462805E-13    0.108840186617607799E+03    0.421689213589709844E+00    0.104715997543640356E+02
    0.913316848817201461E-13    0.107760992769670850E+03    0.579547297656746951E+00    0.958378712270148725E+01
    0.963491962335227015E-13    0.107634030201960044E+03    0.543472278779250084E+00    0.100337184766210719E+02
    0.117159906926458954E-12    0.107222908852213948E+03    0.424745413818006234E+00    0.104409165266920319E+02
    0.124562784686540577E-12    0.107080368540380547E+03    0.421721188046802642E+00    0.106150395009240270E+02
    0.148156226940723680E-12    0.106713453698382892E+03    0.580586695780683559E+00    0.961991132259013426E+01
    0.258758079876750081E-12    0.105578201165966746E+03    0.422749642913598289E+00    0.106080943868238222E+02
    0.277156933338851320E-12    0.105420820523084075E+03    0.478969676673394185E+00    0.104323488595126932E+02
    0.313776293382716594E-12    0.105152627726214618E+03    0.562906276846784737E+00    0.959224854572777375E+01
    0.599754035747904591E-12    0.103836949045809547E+03    0.426634489524349958E+00    0.104351168768905040E+02
    0.922039617831323194E-12    0.102956811923141004E+03    0.424501576614357834E+00    0.105954809344974272E+02
    0.951102913627865937E-12    0.102874743761478015E+03    0.548342574249485737E+00    0.998380375701546896E+01
    0.993069784664573299E-12    0.102768386430951125E+03    0.467453491204739946E+00    0.100838204235199598E+02
    0.995427503208480621E-12    0.102743643714603166E+03    0.442133926768386420E+00    0.102818339683561106E+02
    0.219339886379907915E-11    0.101143573082670471E+03    0.543362053812512347E+00    0.966523764475673275E+01
    0.251536083501170054E-11    0.100849645216487971E+03    0.511276114480974209E+00    0.981655622240043613E+01
    0.417923793183319756E-10    0.952090497294379361E+02    0.571607817675303442E+00    0.966097331856123631E+01
    0.431638598882559721E-10    0.951244706124126083E+02    0.535174685643742043E+00    0.971395638788807148E+01
    0.496946785947993584E-10    0.948226820356542817E+02    0.448112575058773943E+00    0.102544915140298549E+02
    0.499750925455889599E-10    0.947914282848952752E+02    0.442490570070575795E+00    0.105506818216170437E+02
    0.532033528408143365E-10    0.946462349139695931E+02    0.541367794030741423E+00    0.969030444028987148E+01
    0.551127827969364023E-10    0.945557143854649809E+02    0.452033793536286976E+00    0.105229238201712789E+02
    0.653444507288664881E-10    0.941951327087332544E+02    0.550812831236342060E+00    0.965946688935087749E+01
    0.111004099418994509E-09    0.931153434846741277E+02    0.455943452136460980E+00    0.101946506457034651E+02
    0.114249120130083666E-09    0.930377150923876854E+02    0.475296740916257732E+00    0.100523402400459361E+02
    0.125234693186243597E-09    0.928340987045264967E+02    0.534426919109008969E+00    0.972313398185585953E+01
    0.152991523493359973E-09    0.924137127136331600E+02    0.556654443710317359E+00    0.987781109050858319E+01
    0.171111326146005256E-09    0.921698489998039747E+02    0.528638909317507122E+00    0.101046909679294536E+02
    0.200807869409104073E-09    0.918297805946721013E+02    0.569029656102289172E+00    0.970004288248232882E+01
    0.221692111043466450E-09    0.916118986852151522E+02    0.440068736214783041E+00    0.105418630610730055E+02
    0.282240399737586280E-09    0.911089593710977113E+02    0.551567366958099270E+00    0.966795522022486153E+01
    0.680641093250341733E-09    0.893284074729002810E+02    0.544823675702718724E+00    0.997283788737929200E+01
    0.789262350674299175E-09    0.890122801974663957E+02    0.534141940422370842E+00    0.100561204796106161E+02
    0.827593006021300856E-09    0.888974347595023033E+02    0.563108058129775380E+00    0.966777023724245765E+01
    0.960327246040166967E-09    0.885799295340063964E+02    0.433224274216920446E+00    0.104596754815885618E+02
    0.991656653116415607E-09    0.884957238862143782E+02    0.449947713843664776E+00    0.105092464866459210E+02
    0.996302384841216620E-09    0.884663761278484913E+02    0.432897994845300782E+00    0.104766969345061263E+02
    0.101271703872224340E-08    0.884136934788584199E+02    0.540611244757836173E+00    0.971143962273016470E+01
    0.127447364001634977E-08    0.879339006673512245E+02    0.523516283181299391E+00    0.978492420329003920E+01
    0.156623444310347165E-08    0.875016186021694722E+02    0.441621204462249617E+00    0.103456365570603914E+02
    0.163707750132497452E-08    0.873931419098203435E+02    0.464412623932348223E+00    0.101454816072669338E+02
    0.182064845556739891E-08    0.871605817275783608E+02    0.517555818107751309E+00    0.101677129332219565E+02
    0.231288235235044850E-08    0.866619781547879313E+02    0.536983768092359925E+00    0.100275272270723939E+02
    0.286798562479524797E-08    0.862117473704763171E+02    0.455366150373867962E+00    0.104850962824366150E+02
    0.426020553378284362E-08    0.854003323784073558E+02    0.468260912889800707E+00    0.104339658230125600E+02
    0.718188884921475367E-08    0.843358423526072585E+02    0.508292325089826580E+00    0.102197211391442764E+02
    0.740483465551344601E-08    0.842547009539600111E+02    0.448577016104224680E+00    0.102897328178329595E+02
    0.751560634820044246E-08    0.842050037813625210E+02    0.469880964291247372E+00    0.101141641750814451E+02
    0.864905741039270250E-08    0.839040665011572173E+02    0.448889633112621367E+00    0.102882646682667875E+02
    0.992375966038216758E-08    0.836091034963407793E+02    0.553451187379550791E+00    0.969631799298332453E+01
    0.140032962004000310E-07    0.829003817017986080E+02    0.554287366099756929E+00    0.985721506153938876E+01
    0.155099095120074271E-07    0.826760089053750988E+02    0.559604912651319286E+00    0.978278845571468025E+01
    0.155258580813473839E-07    0.826539533969110778E+02    0.440231853415542107E+00    0.104853725366834816E+02
    0.155935120728116541E-07    0.826252573214166404E+02    0.450377835616544431E+00    0.102796480433994297E+02
    0.172831587693417427E-07    0.823995020997321035E+02    0.438426446169917605E+00    0.104573282135495695E+02
    0.176746941514290492E-07    0.823346993761520451E+02    0.482739064431546738E+00    0.103580807358294678E+02
    0.189854364918785185E-07    0.821716228217212290E+02    0.491194395785337135E+00    0.103134860948533031E+02
    0.297053193089586154E-07    0.812563149292085711E+02    0.532834656621535840E+00    0.100425015037614145E+02
    0.350829992945226204E-07    0.809035338662703225E+02    0.444435943990215576E+00    0.104808314818577877E+02
    0.386213948098538112E-07    0.806913544061650896E+02    0.499392833192416008E+00    0.993130567395386521E+01
    0.453737335335628460E-07    0.803491004291970370E+02    0.463428136595104234E+00    0.101755321336051274E+02
    0.646131570247623842E-07    0.796221310730463330E+02    0.555083355445955107E+00    0.982419954735345158E+01
    0.659038626655536317E-07    0.795625730837048195E+02    0.523186236541681948E+00    0.981017650677289765E+01
    0.828128519032444001E-07    0.790858006602375383E+02    0.446336046321917757E+00    0.103418986563290787E+02
    0.111862164502958938E-06    0.784644323127496222E+02    0.500461342450908564E+00    0.102509924554362648E+02
    0.112418909920350197E-06    0.784345028693063995E+02    0.469373731796372040E+00    0.101360049727757264E+02
    0.148965110500066692E-06    0.778515429497587235E+02    0.442913348840580368E+00    0.104288559991929866E+02
    0.148216428152658947E-06    0.778416200754739975E+02    0.553862947596250210E+00    0.982522332804096976E+01
    0.162488831358031816E-06    0.776377486527692042E+02    0.529328105897111767E+00    0.978974563612278459E+01
    0.227707639148276377E-06    0.769428421480021285E+02    0.448959939983772205E+00    0.104554865584520265E+02
    0.245290795746326414E-06    0.767740783351279958E+02    0.485257933721576551E+00    0.100297442031591260E+02
    0.250641964633175025E-06    0.767109162212170332E+02    0.533273878037793136E+00    0.977773066664915191E+01
    0.252582181642050100E-06    0.766754938561546169E+02    0.482848507412797723E+00    0.100460005592938764E+02
    0.255749191110076564E-06    0.766305727073523286E+02    0.444276703637603854E+00    0.104081943747687546E+02
    0.276329222838030334E-06    0.764557812089303752E+02    0.526559875272996858E+00    0.100737830877171461E+02
    0.320329568844484945E-06    0.761402664544820595E+02    0.544569859509955512E+00    0.974760268095454308E+01
    0.325887138342726639E-06    0.760858649513309331E+02    0.551815007320931916E+00    0.974728456943430643E+01
    0.362345385811363225E-06    0.758537714685584916E+02    0.544375808706441644E+00    0.974944769432981673E+01
    0.477384463566974467E-06    0.752823228523215278E+02    0.448116292567928953E+00    0.104406265518381289E+02
    0.478678582799398660E-06    0.752569084812600835E+02    0.550747261730250570E+00    0.975232490026063559E+01
    0.492920008476602171E-06    0.751782733788426327E+02    0.455965040028873891E+00    0.102615527106138202E+02
    0.489499472162588106E-06    0.751722004240750010E+02    0.454596807433769345E+00    0.102750628333374863E+02
    0.546905286786850851E-06    0.749304159171129669E+02    0.489929462830311635E+00    0.102993885723560830E+02
    0.565370389086726825E-06    0.748440050468374238E+02    0.500092473953727801E+00    0.102424870096861120E+02
    0.607623816060311402E-06    0.746798552575904608E+02    0.506156725664308027E+00    0.102056009118779478E+02
    0.661307637225758092E-06    0.744905289045349832E+02    0.548702354825182148E+00    0.986637448540882644E+01
    0.739881670022887785E-06    0.742459866553008823E+02    0.447679382054165131E+00    0.104253981612248126E+02
    0.780788005601391389E-06    0.741183598447712200E+02    0.457020337270635624E+00    0.104302494563280028E+02
    0.789232409012664556E-06    0.740768455134610520E+02    0.477708373192440749E+00    0.103569653039000862E+02
    0.868460903191754894E-06    0.738655220549894551E+02    0.486881784261523509E+00    0.103119128676117313E+02
    0.879826624949614295E-06    0.738195174494576634E+02    0.515290719849935686E+00    0.101442371278630894E+02
    0.931279508200833498E-06    0.736858482796751559E+02    0.492644965309014693E+00    0.999223967742042518E+01
    0.161969909950520363E-05    0.725589758515193921E+02    0.450189530457900999E+00    0.103485607853762573E+02
    0.205577806651538326E-05    0.720621478384823178E+02    0.491616867375184063E+00    0.102812543605647448E+02
    0.204144481298621018E-05    0.720561410357491070E+02    0.465840762517060192E+00    0.103966050338170568E+02
    0.217217527639007458E-05    0.719119984394724696E+02    0.534356208788132170E+00    0.999487285433334094E+01
    0.278672567790334646E-05    0.713937220044408463E+02    0.498963988727318064E+00    0.996160939883364804E+01
    0.280799599079412739E-05    0.713585145166462809E+02    0.463511094580965732E+00    0.104005909985815634E+02
    0.306041038670065987E-05    0.711663585928660893E+02    0.458144985450763820E+00    0.104116159292653485E+02
    0.330721638250378195E-05    0.709912429063709141E+02    0.450635749523303208E+00    0.103697647523189396E+02
    0.428746918840839743E-05    0.704520633812332591E+02    0.453983025914669325E+00    0.103154763428208085E+02
    0.460973477161619288E-05    0.702871159892486759E+02    0.474542033196097890E+00    0.103568491014975557E+02
    0.671827938324476455E-05    0.695137924782313519E+02    0.546702630523837607E+00    0.982981414729000846E+01
    0.667511004855399838E-05    0.695066852517613114E+02    0.480823246877034149E+00    0.103264016121728517E+02
    0.745009674795954454E-05    0.692670025961907498E+02    0.453592630169278310E+00    0.103906016413429612E+02
    0.753039526065450416E-05    0.692255615696337259E+02    0.545702746912973824E+00    0.985108198256175882E+01
    0.779754418626514871E-05    0.691358389610000188E+02    0.459977856109399785E+00    0.103961758261771422E+02
    0.812044263584996026E-05    0.690346873044275355E+02    0.511916081729792749E+00    0.989901953592307748E+01
    0.921928217990119289E-05    0.687608622736852908E+02    0.476891841709659703E+00    0.101152916919810565E+02
    0.955920457907562869E-05    0.686684475922592696E+02    0.464883170305261495E+00    0.102125474776764733E+02
    0.976242942245724968E-05    0.686063740620399045E+02    0.453847144953206771E+00    0.103797784210173134E+02
    0.118814442329338147E-04    0.681935008834627752E+02    0.543896557167913852E+00    0.980955606742740116E+01
    0.127528667432644789E-04    0.680319444555314163E+02    0.482388916684250546E+00    0.103135107658761349E+02
    0.134751941445546745E-04    0.679017555845107665E+02    0.514864837459103386E+00    0.101262372916382333E+02
    0.140652974589845662E-04    0.677960354522170690E+02    0.455750225573438583E+00    0.103810395025492035E+02
    0.139683458993905198E-04    0.677898691084262310E+02    0.491291842366165743E+00    0.102681713555748892E+02
    0.148943247796274270E-04    0.676414961271674144E+02    0.517492554716709519E+00    0.987738259908291028E+01
    0.155269523233383826E-04    0.675383018865528442E+02    0.510961716193046867E+00    0.990937250896890376E+01
    0.182499962270716528E-04    0.671951268868262730E+02    0.456620306693028000E+00    0.103766586142812862E+02
    0.189570667946339362E-04    0.670991030735427074E+02    0.542523683147372537E+00    0.987494815365386103E+01
    0.216691483697137881E-04    0.668116776037937541E+02    0.534499766066780846E+00    0.996694468168190184E+01
    0.261990796648459254E-04    0.664120080677034110E+02    0.463144236633169115E+00    0.103733022405828379E+02
    0.266411079364708755E-04    0.663585457653831412E+02    0.541686612391509170E+00    0.982563866138736941E+01
    0.297355663776254354E-04    0.661187689324429897E+02    0.521244825737832262E+00    0.986726522696570996E+01
    0.338154544708696702E-04    0.658416207716999367E+02    0.476664754959282400E+00    0.103293831353045427E+02
    0.345296725925089986E-04    0.657798185743520065E+02    0.491495815548060766E+00    0.102594700966976156E+02
    0.350857084185303536E-04    0.657278688734249101E+02    0.541742014241447190E+00    0.985939659235574695E+01
    0.359399249884091127E-04    0.656597590449728727E+02    0.457796733578792692E+00    0.103570955690443149E+02
    0.395246861877789302E-04    0.654496057464598664E+02    0.503310773714910509E+00    0.101912085419936389E+02
    0.399816207223887066E-04    0.654066169002526721E+02    0.517374732419844108E+00    0.100986473024209538E+02
    0.434776725177604990E-04    0.652189615716717981E+02    0.502775734374024230E+00    0.101935405002793900E+02
    0.462859824227084934E-04    0.650737783138047519E+02    0.474056261737246354E+00    0.103357405384746954E+02
    0.464884003939472720E-04    0.650450509782498187E+02    0.461502766745028103E+00    0.102720284872792220E+02
    0.461726029904439375E-04    0.650386834067645481E+02    0.532807301999642879E+00    0.997176091306620904E+01
    0.499104774841231783E-04    0.648629947327343501E+02    0.500676268839478356E+00    0.102046465988575861E+02
    0.516944543316182899E-04    0.647727556145157308E+02    0.516381660551944344E+00    0.989437581334012606E+01
    0.530853753208422466E-04    0.646996536881578521E+02    0.514825010355462132E+00    0.990187961245231918E+01
    0.544831896550990188E-04    0.646276722186230472E+02    0.536029443930778671E+00    0.983380860500104959E+01
    0.614094029820295897E-04    0.643683307004962444E+02    0.536247736600388714E+00    0.983623159182781848E+01
    0.769201499381149859E-04    0.638979208934273331E+02    0.539234110419897994E+00    0.986455199133495597E+01
    0.765239411741181998E-04    0.638882493366191753E+02    0.533327191457096061E+00    0.984208212155074591E+01
    0.783671025134779483E-04    0.638206481764163698E+02    0.469711199370922650E+00    0.103426073824297902E+02
    0.843588221534349799E-04    0.636532978466757484E+02    0.526216043044393511E+00    0.100222574981494468E+02
    0.841389433074042208E-04    0.636385175947296702E+02    0.521755673350081994E+00    0.100580249595021591E+02
    0.873417397552141465E-04    0.635437996990122542E+02    0.464910372243729109E+00    0.102464112600347796E+02
    0.907238816478171494E-04    0.634478153810370316E+02    0.464420970361784258E+00    0.103483170701479708E+02
    0.933589005244058547E-04    0.633705542110554703E+02    0.538319530441928595E+00    0.986216599184346521E+01
    0.100698882823874216E-03    0.631991872222907745E+02    0.534948559245331690E+00    0.984747014103835738E+01
    0.105014876881025265E-03    0.630952525840068290E+02    0.474807088378915276E+00    0.103226994964630876E+02
    0.111078845365616900E-03    0.629629760978823541E+02    0.498635657201269844E+00    0.102087219491277317E+02
    0.115855729207412994E-03    0.628587652267648807E+02    0.537678572698949697E+00    0.987436040546410965E+01
    0.117508428126457409E-03    0.628104365139163718E+02    0.537583893007085423E+00    0.987901995445585612E+01
    0.119810682113174612E-03    0.627516309375587724E+02    0.510227666932227986E+00    0.993264143146766543E+01
    0.122269621901390592E-03    0.626909993897595186E+02    0.528691732837956674E+00    0.999469741403098055E+01
    0.129219339678574165E-03    0.625604340972895514E+02    0.465998104262747292E+00    0.103395309792597807E+02
    0.132728529482255492E-03    0.624868448122894051E+02    0.509268000744939608E+00    0.101413402757228077E+02
    0.132139761360633776E-03    0.624757363121285749E+02    0.532771765961889909E+00    0.995224868378978300E+01
    0.133265372679319702E-03    0.624387717862295162E+02    0.481138320564655275E+00    0.102947180111301364E+02
    0.132344376215548249E-03    0.624326417613912668E+02    0.507816949275035734E+00    0.101505317773956065E+02
    0.139872696101208608E-03    0.623019912426713560E+02    0.493501762569667213E+00    0.102343642932624803E+02
    0.147168247188013911E-03    0.621803036914363716E+02    0.475544812531263517E+00    0.103149919880326948E+02
    0.167024534137606695E-03    0.619071752081515854E+02    0.494365658090190119E+00    0.100252110094057727E+02
    0.167578996446738612E-03    0.618805469120823588E+02    0.507370149458839403E+00    0.995112614377927684E+01
    0.177203311881055938E-03    0.617488611772716425E+02    0.466932942577689525E+00    0.102405947449890142E+02
    0.176456861656303348E-03    0.617373037601694605E+02    0.486738983138010783E+00    0.100757388138541444E+02
    0.177022018075766023E-03    0.617109083919204693E+02    0.472246337889128953E+00    0.101879856644736257E+02
    0.193732837439277030E-03    0.615104964667089220E+02    0.535086353120941660E+00    0.990620115222631270E+01
    0.210990742325671294E-03    0.613198281188521719E+02    0.476190904980140051E+00    0.103077137664217062E+02
    0.231044309100784159E-03    0.611182376205778510E+02    0.502401902787927068E+00    0.998139611929086712E+01
    0.248408822568552752E-03    0.609533048993809317E+02    0.534020204898525641E+00    0.987778719619776524E+01
    0.253825214166436758E-03    0.608901648395252266E+02    0.467395289065887454E+00    0.103221602645109733E+02
    0.253142986567923476E-03    0.608755476466467940E+02    0.532028044479622819E+00    0.987158655604360291E+01
    0.260550734946313515E-03    0.607978614292099167E+02    0.471403846755201805E+00    0.103175276606840711E+02
    0.266400892533413141E-03    0.607334520553891011E+02    0.517858261874642456E+00    0.100725132360562384E+02
    0.294602284033404363E-03    0.605122041194173832E+02    0.502113190430721779E+00    0.101772836348790996E+02
    0.323663707007367928E-03    0.603040465625658086E+02    0.533524540230243871E+00    0.989558886747605015E+01
    0.333883531857988682E-03    0.602218721831071235E+02    0.479115507451203237E+00    0.102907080054316751E+02
    0.335544446348830033E-03    0.601919477822572659E+02    0.527529178417974420E+00    0.988090109165669261E+01
    0.406023416170337218E-03    0.597906349669417025E+02    0.530525083728903724E+00    0.988385512514229703E+01
    0.432795244437765743E-03    0.596429271542637593E+02    0.510127547317069774E+00    0.994813200286284882E+01
    0.450303600003249275E-03    0.595436125895056350E+02    0.487591171576121418E+00    0.100809582886098283E+02
    0.458728391359434541E-03    0.594865400435002414E+02    0.530344175055644351E+00    0.994712063216858411E+01
    0.477122623404019992E-03    0.593879095734580602E+02    0.477227327395227774E+00    0.102918526580533403E+02
    0.476251368121897078E-03    0.593715650351442790E+02    0.518113159108724464E+00    0.991456294288235540E+01
    0.472641746455249544E-03    0.593667812445257752E+02    0.518955560303488106E+00    0.991140433913691510E+01
    0.470441246774458985E-03    0.593561144789918913E+02    0.470121340836605894E+00    0.103051658645247066E+02
    0.483393972744379280E-03    0.592817926339568544E+02    0.515128395854267396E+00    0.992723130331917858E+01
    0.565336797950622620E-03    0.589486133211809431E+02    0.478536872086177567E+00    0.102845633027734458E+02
    0.563745384804252743E-03    0.589342512250448891E+02    0.511843617022364694E+00    0.101062376636856825E+02
    0.588241639632120688E-03    0.588291810029388742E+02    0.474706701446151513E+00    0.102944828279818665E+02
    0.667431857729284205E-03    0.585565820348827089E+02    0.530011608740908358E+00    0.990576444215633956E+01
    0.774093914142204320E-03    0.582400702287513710E+02    0.513101208026285560E+00    0.100932811273022409E+02
    0.795179383365427969E-03    0.581663211761017536E+02    0.529376484333765940E+00    0.993462332582230800E+01
    0.800554286555824296E-03    0.581328479415170847E+02    0.473748802620859000E+00    0.102896115683646521E+02
    0.855323314230300373E-03    0.579804975478987572E+02    0.490346342441049798E+00    0.100708571096196273E+02
    0.896664462011322353E-03    0.578660931830089993E+02    0.522345399800178911E+00    0.991161495305118123E+01
    0.895414757694932488E-03    0.578488825787125549E+02    0.472400322465332034E+00    0.102217239852433970E+02
    0.913235961766472215E-03    0.577894680457595769E+02    0.481142522850427912E+00    0.101393635032341010E+02
    0.915073209481762203E-03    0.577654484885367552E+02    0.518049969574283287E+00    0.100525185972990627E+02
    0.928648346791670375E-03    0.577159963566032417E+02    0.528301768187532383E+00    0.994399220812110940E+01
    0.964396015024124266E-03    0.576204526049703816E+02    0.491177272217837413E+00    0.102228202762506051E+02
    0.984500786762658626E-03    0.575591872389549621E+02    0.488706568851274670E+00    0.102343924352515891E+02
    0.988647117002529243E-03    0.575307817132767809E+02    0.495523368144245246E+00    0.100400061148062747E+02
    0.100911696266144601E-02    0.574697947673667642E+02    0.526632949168371112E+00    0.991234486625176103E+01
    0.100047868683907342E-02    0.574669889308372177E+02    0.495523980249133300E+00    0.101993374329926247E+02
    0.104193750870247830E-02    0.573657821372907293E+02    0.518018499956593104E+00    0.992845804512409558E+01
    0.105238278674429052E-02    0.573258322477294726E+02    0.495708379069129845E+00    0.101975251434831407E+02
    0.109473484052787472E-02    0.572269217170969853E+02    0.503090323989860533E+00    0.999762737873549057E+01
    0.112330504621193142E-02    0.571553955275165961E+02    0.519748972180863689E+00    0.100335956960092574E+02
    0.120293374914367157E-02    0.569984193472322929E+02    0.495555937213326136E+00    0.101964353668241365E+02
    0.119414715295761728E-02    0.569930815733281264E+02    0.486834181846112879E+00    0.102393066727485760E+02
    0.123870935811214926E-02    0.568998060807784611E+02    0.471974506911495895E+00    0.102535291336773682E+02
    0.126634488389552316E-02    0.568356766619253690E+02    0.515515853554153081E+00    0.100659370181723737E+02
    0.129666492169193512E-02    0.567683550290024144E+02    0.481542228170728115E+00    0.102584160605075567E+02
    0.129297124419144394E-02    0.567540603555714256E+02    0.473055081146589451E+00    0.102686326548520341E+02
    0.134271510993914391E-02    0.566585585445824762E+02    0.522525034367737562E+00    0.100027469146292880E+02
    0.137304617808809196E-02    0.565938825570373112E+02    0.480390607628087718E+00    0.101549201309265911E+02
    0.138431513144507629E-02    0.565575350206324217E+02    0.473824553066947707E+00    0.102675283632961651E+02
    0.141166385517974328E-02    0.564984079797959424E+02    0.514686540753489519E+00    0.994712220364148436E+01
    0.139803070252372688E-02    0.564978168648104173E+02    0.507067391202390083E+00    0.101243142823317243E+02
    0.145658775178174001E-02    0.563957529874600496E+02    0.492177096531571656E+00    0.100682561737114433E+02
    0.145800409491886394E-02    0.563738091911096717E+02    0.525560015722693064E+00    0.995809943983736900E+01
    0.152111295085048670E-02    0.562690615325790873E+02    0.515439622939025899E+00    0.994601991066067370E+01
    0.153190052400024152E-02    0.562349278012563758E+02    0.489412466928026757E+00    0.102226252798594786E+02
    0.164945050305779464E-02    0.560670616674546025E+02    0.506447871731454446E+00    0.998713675543450208E+01
    0.172493783255423319E-02    0.559575640539775634E+02    0.491174760056854565E+00    0.100778498635165299E+02
    0.175573899639521998E-02    0.559021663777366484E+02    0.524886229791636350E+00    0.995117445112732923E+01
    0.179853415291347774E-02    0.558340021281698071E+02    0.474588739510884094E+00    0.102519600415124934E+02
    0.180578652941282606E-02    0.558059535809664808E+02    0.505519322932088011E+00    0.101299722426151426E+02
    0.202551130660654031E-02    0.555563017438951192E+02    0.486482106724684948E+00    0.101142682237057002E+02
    0.205656049496770596E-02    0.555058762259987759E+02    0.517674907256827299E+00    0.994543968280299140E+01
    0.206008932450003120E-02    0.554824473889089873E+02    0.510760482000277016E+00    0.997089063615712234E+01
    0.212918311728736882E-02    0.553964692891457986E+02    0.523225500364210228E+00    0.997226673982369505E+01
    0.212482064858035644E-02    0.553805712791546156E+02    0.523508700321258291E+00    0.996493159808480300E+01
    0.211258695471333666E-02    0.553721195926543075E+02    0.495860369552599045E+00    0.101844673283289282E+02
    0.213974921343082275E-02    0.553265688110856075E+02    0.522330073286848995E+00    0.994313075053931072E+01
    0.213097967124244083E-02    0.553147824483833617E+02    0.502881766145856002E+00    0.100107986875681654E+02
    0.215380003008047109E-02    0.552734785996896250E+02    0.522679613217094108E+00    0.997838556865270832E+01
    0.219297830611160649E-02    0.552174249213416601E+02    0.498450812925578746E+00    0.100366165418424025E+02
    0.225953217679178203E-02    0.551376304945736138E+02    0.477742599001980128E+00    0.102481552091619612E+02
    0.229581230937889354E-02    0.550857726187880203E+02    0.491724896271977130E+00    0.102035815679486177E+02
    0.239257409423271686E-02    0.549832064489639691E+02    0.504911444069663151E+00    0.101282039948666736E+02
    0.249023374662793191E-02    0.548831929150104187E+02    0.480293152901983267E+00    0.102431080792467668E+02
    0.255830610443542753E-02    0.548092553523851933E+02    0.510660130509421384E+00    0.997661658099098148E+01
    0.256596611688567587E-02    0.547832759525211515E+02    0.521905466797133566E+00    0.995682652131678836E+01
    0.266045074814926213E-02    0.546909549501887398E+02    0.487827206825082738E+00    0.102179557000629408E+02
    0.268314807163905992E-02    0.546539645579400002E+02    0.516619881361902511E+00    0.995722971755423103E+01
    0.266076765814857738E-02    0.546507167265523464E+02    0.504091404764967943E+00    0.101310395635937844E+02
    0.270143026162672972E-02    0.546003833568811032E+02    0.521604851939298841E+00    0.997402929690248286E+01
    0.271487418634473515E-02    0.545704548512320855E+02    0.495258805344099828E+00    0.101819302786146828E+02
    0.273012379441073998E-02    0.545392521672338262E+02    0.480061548365781632E+00    0.101809628790678381E+02
    0.270799155577370384E-02    0.545355316018609528E+02    0.517681304793051300E+00    0.100258167583982392E+02
    0.270053282737635824E-02    0.545210478814206638E+02    0.477853992700210672E+00    0.102325701717771409E+02
    0.273800335562952640E-02    0.544734881705625753E+02    0.504183432972134082E+00    0.101291118654930514E+02
    0.277560677044953351E-02    0.544262073168183633E+02    0.484496158871269178E+00    0.101401675393138788E+02
    0.275760847637414926E-02    0.544192184553699008E+02    0.521077927568164290E+00    0.996451862139868183E+01
    0.273890964398037194E-02    0.544128262733521098E+02    0.478406115313538272E+00    0.102056484055398506E+02
    0.280098957141910933E-02    0.543480005292322375E+02    0.520954923586780638E+00    0.997693209299209727E+01
    0.287015083519625387E-02    0.542792169070313051E+02    0.479561882052296107E+00    0.102334581400264284E+02
    0.285551586628674013E-02    0.542694410444421109E+02    0.478980692760995308E+00    0.102003911848611537E+02
    0.288167573450248812E-02    0.542312021210568318E+02    0.516551674192020194E+00    0.996249938988546191E+01
    0.289327562645190842E-02    0.542031674853862455E+02    0.515104407213957449E+00    0.100458301907606931E+02
    0.287054726726356391E-02    0.541989406813452561E+02    0.483799927615637171E+00    0.102272295017942199E+02
    0.284831799716782959E-02    0.541944887881962671E+02    0.516536915944844410E+00    0.100325149932931375E+02
    0.288151172764655478E-02    0.541513159517153468E+02    0.515004050107270461E+00    0.100461243246670513E+02
    0.285361597703345750E-02    0.541507721675449432E+02    0.503694594739679369E+00    0.101297281324204178E+02
    0.283146996103792554E-02    0.541463540801188117E+02    0.480649410920484077E+00    0.101809092281574181E+02
    0.280398892265301724E-02    0.541458600382216986E+02    0.518262038388752400E+00    0.100138673589971710E+02
    0.293081200450203989E-02    0.540373870368941880E+02    0.505070607278523820E+00    0.101198951099599128E+02
    0.294708244680229152E-02    0.540063147156804035E+02    0.519719261739302274E+00    0.996861838730075789E+01
    0.306102932768853152E-02    0.539104435934508857E+02    0.506004383723246187E+00    0.100053066993875746E+02
    0.305107732012447870E-02    0.538969565795176422E+02    0.519747578945006006E+00    0.998134742693357424E+01
    0.312009351025788933E-02    0.538322201302298495E+02    0.481596891734499821E+00    0.101756828356216111E+02
    0.326772458661781732E-02    0.537197582801961531E+02    0.501610423083854506E+00    0.101392458599056710E+02
    0.335598070586251357E-02    0.536464579965646067E+02    0.498101777807438251E+00    0.101591873573224269E+02
    0.332509216062496947E-02    0.536449512930375860E+02    0.496323451328140819E+00    0.100614996945831656E+02
    0.335401428081666961E-02    0.536076302329707559E+02    0.483899651130762276E+00    0.101553399806904707E+02
    0.342558814164949273E-02    0.535453997211241770E+02    0.493136996928340010E+00    0.100831668366487719E+02
    0.341481495569710778E-02    0.535316994638185264E+02    0.515673435446220130E+00    0.997400482250397502E+01
    0.339149327533625616E-02    0.535254054382418474E+02    0.482246925701254714E+00    0.102199879514275693E+02
    0.341527083406399905E-02    0.534914324813052389E+02    0.505660491924104671E+00    0.101112646479221659E+02
    0.338483940058254473E-02    0.534893331538428995E+02    0.484247368042849624E+00    0.102170500889351814E+02
    0.351993055550683075E-02    0.533910635537150000E+02    0.487177925507651932E+00    0.102076525341953008E+02
    0.349028274749519588E-02    0.533879805766334883E+02    0.509995026265708251E+00    0.100790791421547326E+02
    0.346986253607821241E-02    0.533797161190253320E+02    0.518012394111969088E+00    0.998157393858063102E+01
    0.351559788035512005E-02    0.533335268658820354E+02    0.517308958476430214E+00    0.997861701221123099E+01
    0.350279207523573931E-02    0.533208253029374930E+02    0.505318808780014894E+00    0.100138753182843487E+02
    0.347814340054142940E-02    0.533149487837872016E+02    0.514136100786818595E+00    0.998009833957680925E+01
    0.347438018022637723E-02    0.532971138800368465E+02    0.508062528688969062E+00    0.100014003471552009E+02
    0.356200902298510003E-02    0.532272966394723142E+02    0.499431140910945759E+00    0.101479846556339481E+02
    0.353552109268377842E-02    0.532222246794204352E+02    0.514003994010377330E+00    0.100432171351831379E+02
    0.352492229332216668E-02    0.532082292923001035E+02    0.503258750290535684E+00    0.100253319739260185E+02
    0.350950261938893582E-02    0.531969974283292970E+02    0.483932155013926280E+00    0.102129250569038312E+02
    0.350852373242328949E-02    0.531775553555429852E+02    0.515944482769257196E+00    0.100221023715218820E+02
    0.348669699889553276E-02    0.531700363366016688E+02    0.513937036530627167E+00    0.100430743536858031E+02
    0.357638928058764656E-02    0.530992386542248411E+02    0.485864445384554422E+00    0.101441454558634838E+02
    0.356225412444286047E-02    0.530871590244220073E+02    0.481781342147344860E+00    0.102013483444436481E+02
    0.357125317962049375E-02    0.530621129456459784E+02    0.508102387955060242E+00    0.100898968264190572E+02
    0.364123188585247903E-02    0.530033019663007394E+02    0.493396013823019564E+00    0.101779070007093821E+02
    0.368396329051750258E-02    0.529599677679041534E+02    0.514273811859127017E+00    0.998551851818963243E+01
    0.365139025942961323E-02    0.529577300993123927E+02    0.499527052207778210E+00    0.101449549211184582E+02
    0.362083607851889765E-02    0.529545361552731109E+02    0.482911805886034551E+00    0.101795393365352353E+02
    0.364785696395340114E-02    0.529196663514458265E+02    0.483612648742231699E+00    0.101708744212849496E+02
    0.371537411699200508E-02    0.528629873203700313E+02    0.483409219954811287E+00    0.102053536705908954E+02
    0.368236355736433190E-02    0.528608364413753904E+02    0.516416736328518144E+00    0.999337098869279572E+01
    0.368184180499366281E-02    0.528411198405180755E+02    0.511816448226221410E+00    0.100576636117515505E+02
    0.368092902932568846E-02    0.528216157275655860E+02    0.487133687639483559E+00    0.101366910064530700E+02
    0.367494465142757061E-02    0.528048699320166790E+02    0.497240675551905986E+00    0.100634111011958964E+02
    0.370709252680493035E-02    0.527674503076873620E+02    0.495500932917169679E+00    0.100748244319868334E+02
    0.368651642986436538E-02    0.527585821650420144E+02    0.494452985905773912E+00    0.100818344749554427E+02
    0.368268555269103074E-02    0.527406615638846432E+02    0.506701562363800040E+00    0.100131982435453430E+02
    0.364710518957185592E-02    0.527400785670918424E+02    0.498325168264941665E+00    0.100574288048512344E+02
    0.363303004059190330E-02    0.527278120314147785E+02    0.514166936703368882E+00    0.999013141834015883E+01
    0.361879887244607795E-02    0.527156617402731271E+02    0.512226719331992819E+00    0.999346966373865797E+01
    0.359995133266926811E-02    0.527061054221119889E+02    0.485431454936175011E+00    0.102021942829851291E+02
    0.363778091674747846E-02    0.526651983604723810E+02    0.511459355357555046E+00    0.999624690423292606E+01
    0.360481576954305247E-02    0.526634047448831595E+02    0.485365598770144346E+00    0.102014231032902529E+02
    0.360249532602665385E-02    0.526446925725158579E+02    0.502531951361134599E+00    0.101236693389876393E+02
    0.358211544573753919E-02    0.526360390103941285E+02    0.509693776738029958E+00    0.100727314046427310E+02
    0.367472411404685820E-02    0.525649899577690221E+02    0.483597108052926050E+00    0.101871290047672112E+02
    0.364871200639960451E-02    0.525591976147266351E+02    0.498663226479437727E+00    0.100572228823386993E+02
    0.362458874488921345E-02    0.525524644110773878E+02    0.483882679396298032E+00    0.101954262475095625E+02
    0.364007037751057924E-02    0.525239400435620496E+02    0.514043783810425703E+00    0.100295791644859271E+02
    0.360743838239244987E-02    0.525219502132431302E+02    0.512569236647015702E+00    0.100456231940863638E+02
    0.357721046727229371E-02    0.525187794802608465E+02    0.510226325017745008E+00    0.100667748003659092E+02
    0.356288322333727942E-02    0.525068058529024455E+02    0.511056422582514047E+00    0.100594633609109110E+02
    0.352750240492682304E-02    0.525067659024277447E+02    0.484761515138579346E+00    0.101672302318321215E+02
    0.368450699295153842E-02    0.523996726171257166E+02    0.514353400584143028E+00    0.100212402441257140E+02
    0.369453849478584406E-02    0.523742347820936374E+02    0.499096908570341391E+00    0.101415944208628623E+02
    0.368100148683533348E-02    0.523615763588106162E+02    0.497390046542545705E+00    0.101509721226792706E+02
    0.365624783301056293E-02    0.523550711968134195E+02    0.487669584729758965E+00    0.101391253364865044E+02
    0.363138996459536241E-02    0.523487151047630874E+02    0.501567250278324273E+00    0.100428814052586119E+02
    0.361783201276800635E-02    0.523361961655874381E+02    0.504641813821816387E+00    0.101064853496553404E+02
    0.359638125188412212E-02    0.523280898112635668E+02    0.506305427673569453E+00    0.100196951485425387E+02
    0.357532920551170263E-02    0.523198315607190167E+02    0.486423987414684289E+00    0.101932349007128060E+02
    0.359024440973378144E-02    0.522915055136702023E+02    0.489531931676815912E+00    0.101855595443919782E+02
    0.359590383907324677E-02    0.522683553251054391E+02    0.484896608247680549E+00    0.101749934605907697E+02
    0.359457500597049756E-02    0.522490945432557368E+02    0.502659479963933231E+00    0.101186082784156284E+02
    0.358499874394047329E-02    0.522344298280749015E+02    0.507272048091433447E+00    0.100864140025116029E+02
    0.355824778632350767E-02    0.522294096177607017E+02    0.488166331561650457E+00    0.101884966716447884E+02
    0.354859422554934566E-02    0.522148430109304513E+02    0.485023639469337631E+00    0.101759843409975836E+02
    0.351724680868473151E-02    0.522125890215628701E+02    0.485091754091839356E+00    0.101743750179204042E+02
    0.349369478251858236E-02    0.522060263691463149E+02    0.496659443784910226E+00    0.101531398057438480E+02
    0.359767017653565401E-02    0.521273731499062549E+02    0.510146927858837751E+00    0.100614094296525103E+02
    0.360337088855305432E-02    0.521042065448797018E+02    0.486732447997603568E+00    0.101540024461650056E+02
    0.358306202241784246E-02    0.520955105787174446E+02    0.485581700405461780E+00    0.101838585030001916E+02
    0.356907692287462093E-02    0.520833320807739142E+02    0.509071887950890645E+00    0.100122847330936651E+02
    0.353534104202215963E-02    0.520823265344181792E+02    0.512246537732533147E+00    0.100059495315639104E+02
    0.355266993163083893E-02    0.520525472469995236E+02    0.495689706202722569E+00    0.101563125645567993E+02
    0.354075571246904516E-02    0.520392657105252354E+02    0.489967408707980168E+00    0.101802641565821652E+02
    0.350681039536953525E-02    0.520385322652990325E+02    0.488549318048661141E+00    0.101366388532180061E+02
    0.352004109023555667E-02    0.520110007496388889E+02    0.486163043806916939E+00    0.101649817370154381E+02
    0.351633978318431671E-02    0.519931048468781825E+02    0.486727310317243700E+00    0.101845470149823818E+02
    0.350800030057591469E-02    0.519778537550615383E+02    0.486252224711644310E+00    0.101651156376265135E+02
    0.350510591034295608E-02    0.519595046015254241E+02    0.495706677862651879E+00    0.101550789491551470E+02
    0.349280848514325632E-02    0.519465338031779851E+02    0.511049703968064040E+00    0.100492108078083255E+02
    0.346377916887782942E-02    0.519432255987591773E+02    0.508109659460118879E+00    0.100757232647816473E+02
    0.345584968527319191E-02    0.519278093631446467E+02    0.512283833723100046E+00    0.100109752792068853E+02
    0.343036971144907929E-02    0.519226099895200406E+02    0.497943204216007351E+00    0.100686827644991439E+02
    0.341124348813976082E-02    0.519137923072435541E+02    0.509149087141447354E+00    0.100148697079049107E+02
    0.338403117928420035E-02    0.519098107645713966E+02    0.509829761062110309E+00    0.100603345514843738E+02
    0.335970749686322328E-02    0.519042382440860663E+02    0.493570237620233443E+00    0.101644278654274522E+02
    0.333739021817083380E-02    0.518975678159405831E+02    0.490103722319667034E+00    0.101252238639899872E+02
    0.331169352647947644E-02    0.518930266795155219E+02    0.489751141576146187E+00    0.101283849906385086E+02
    0.328092953228090439E-02    0.518916925229761077E+02    0.490038446105826697E+00    0.101258912155648666E+02
    0.324945768704752768E-02    0.518909698416589649E+02    0.508645666125238982E+00    0.100704312225476542E+02
    0.325647425686079444E-02    0.518666558878124349E+02    0.498884096870281568E+00    0.101369720549007845E+02
    0.322664364655256665E-02    0.518650611189233075E+02    0.494024794460463101E+00    0.101618608181143912E+02
    0.322494649415631810E-02    0.518461133571457538E+02    0.502209782303260632E+00    0.100453551863052191E+02
    0.328738994830734144E-02    0.517877582331603747E+02    0.508222934017966033E+00    0.100722229969993400E+02
    0.325939146690937482E-02    0.517848650527233261E+02    0.488282580399719834E+00    0.101788512243469143E+02
    0.323883047595406115E-02    0.517775214745888590E+02    0.497684512443621774E+00    0.100721073845361211E+02
    0.321190639637005748E-02    0.517742167678324350E+02    0.504133060506741781E+00    0.100367229891817686E+02
    0.326234587108149496E-02    0.517230530175424690E+02    0.497720269586420683E+00    0.101415855976650811E+02
    0.329174146744949268E-02    0.516851125831487153E+02    0.496266157186553147E+00    0.101486756699009177E+02
    0.331242507611906540E-02    0.516525849303945108E+02    0.487656900687767680E+00    0.101728659977069213E+02
    0.330124192305509450E-02    0.516393485994595878E+02    0.504016635265389090E+00    0.101018386858468361E+02
    0.327720084962494860E-02    0.516339667583698017E+02    0.497436508094588781E+00    0.100755705050718873E+02
    0.326075953188000684E-02    0.516240257684853177E+02    0.489145835106098825E+00    0.101400126181226007E+02
    0.323509304024858580E-02    0.516198306993495848E+02    0.509926408060075387E+00    0.100195084986362062E+02
    0.322402153418572483E-02    0.516066870675272398E+02    0.500023926201724755E+00    0.101269832406090323E+02
    0.323850267889498654E-02    0.515777239017615940E+02    0.505837262770889140E+00    0.100877171531006873E+02
    0.323301523769255325E-02    0.515611156516343740E+02    0.499202923285568367E+00    0.101311420536674177E+02
    0.321903898046829815E-02    0.515497803519682591E+02    0.497815620118270963E+00    0.100743687272163172E+02
    0.319641494731612253E-02    0.515438863698386811E+02    0.502060138549041191E+00    0.101135295291480283E+02
    0.316638201475739943E-02    0.515427668438045572E+02    0.500928638320537911E+00    0.101206326057532436E+02
    0.315141757808984476E-02    0.515322413226530216E+02    0.501482457965183981E+00    0.101170380643248272E+02
    0.315946141546019285E-02    0.515071429255932287E+02    0.508128549769086058E+00    0.100256049873355018E+02
    0.315984963561045072E-02    0.514868971898491949E+02    0.489224712712111709E+00    0.101696233309144048E+02
    0.318657155469189313E-02    0.514500548932558601E+02    0.499394625920383806E+00    0.101284534372966242E+02
    0.315528720486062163E-02    0.514497870284442129E+02    0.488389544732255598E+00    0.101616973922815532E+02
    0.312391029365397931E-02    0.514497750427562934E+02    0.494450579537104473E+00    0.100984137297163130E+02
    0.309583753536821389E-02    0.514478291180587419E+02    0.510248135254043333E+00    0.100425514297940843E+02
    0.307760581895108335E-02    0.514396421490527800E+02    0.498164041562357163E+00    0.100738059802755444E+02
    0.305397596615248051E-02    0.514350574011748023E+02    0.493329700469800680E+00    0.101581762200374186E+02
    0.306450943756338265E-02    0.514081710682852844E+02    0.500490532463871207E+00    0.100606409844612443E+02
    0.303420994711323415E-02    0.514080439221315473E+02    0.507897289470024882E+00    0.100284177843400073E+02
    0.301390234671511381E-02    0.514014746758794558E+02    0.495692769776584219E+00    0.101472997182062059E+02
    0.301511645566423852E-02    0.513806691657257630E+02    0.510041377330571866E+00    0.100290834329386556E+02
    0.299570196369323234E-02    0.513735889101800467E+02    0.491146533670344554E+00    0.101265740517335097E+02
    0.297053636075665563E-02    0.513704610167333158E+02    0.492318473396185285E+00    0.101606051594204594E+02
    0.295829804548804675E-02    0.513587178387743961E+02    0.503448448199383392E+00    0.100461762814764768E+02
    0.294701753839933869E-02    0.513463587654271691E+02    0.489043464401484995E+00    0.101615317340761706E+02
    0.292532565225504413E-02    0.513411344582655502E+02    0.497897362248738207E+00    0.100769581161062085E+02
    0.290515827347610301E-02    0.513349703315593544E+02    0.500858537402896764E+00    0.101179796548479111E+02
    0.288315314973383889E-02    0.513301769976449478E+02    0.502400355818764854E+00    0.101080613154177890E+02
    0.285528788119069569E-02    0.513296007313137039E+02    0.491905485038098833E+00    0.101207581727828781E+02
    0.287008984150949505E-02    0.512992594095605270E+02    0.504987508419080022E+00    0.100404371264587908E+02
    0.286628001644745074E-02    0.512819160204252853E+02    0.504926535458880665E+00    0.100894314075993989E+02
    0.284060126371853475E-02    0.512799145907631555E+02    0.492211156237667369E+00    0.101192231749985169E+02
    0.281449576408495479E-02    0.512783798336715293E+02    0.494520764853453421E+00    0.101008729330829148E+02
    0.278840488134718270E-02    0.512770066650088054E+02    0.493574756467210884E+00    0.101080815366618104E+02
    0.277152585621864627E-02    0.512691500371330307E+02    0.489685269555858060E+00    0.101606760166889529E+02
    0.274715901662748877E-02    0.512668114898158578E+02    0.498243146054780373E+00    0.100759952605371552E+02
    0.272529768741160269E-02    0.512627907449765061E+02    0.489690258031548087E+00    0.101602729135485852E+02
    0.270562333145315387E-02    0.512572814304106075E+02    0.493612969837827487E+00    0.101081737877881288E+02
    0.270865093511023789E-02    0.512350446734059943E+02    0.504722523182517424E+00    0.100427337560848748E+02
    0.269520535223876550E-02    0.512249972775488516E+02    0.490415206001186488E+00    0.101388008946895809E+02
    0.267016247788297908E-02    0.512236674280466247E+02    0.501986007377028254E+00    0.100555950331377666E+02
    0.265100844171341438E-02    0.512180658521425656E+02    0.490091259082369390E+00    0.101592981543759500E+02
    0.262729621876667090E-02    0.512160355480891454E+02    0.490663873535285566E+00    0.101600031151096744E+02
    0.261490614946348560E-02    0.512054896603147114E+02    0.508868195122451406E+00    0.100343539316164012E+02
    0.259314135007598619E-02    0.512022060409510260E+02    0.507326861851746247E+00    0.100675986832728341E+02
    0.257150925119242930E-02    0.511989601078226499E+02    0.495957337459285441E+00    0.101426150561980357E+02
    0.254641701371503219E-02    0.511985715185649610E+02    0.497628685815430516E+00    0.100809787718100772E+02
    0.253793302374979123E-02    0.511852461163223609E+02    0.504187401082710096E+00    0.100459312990094460E+02
    0.252693449234002269E-02    0.511739322654964255E+02    0.495996075135946679E+00    0.100922395906602311E+02
    0.251122605317837064E-02    0.511664038728792505E+02    0.491054713460614745E+00    0.101335912985980698E+02
    0.249582398088071420E-02    0.511587082203673589E+02    0.505658100850138292E+00    0.100407651076535522E+02
    0.248083632474873110E-02    0.511507546133480560E+02    0.501333398579044687E+00    0.100602355697293255E+02
    0.245898133009809757E-02    0.511484517339917133E+02    0.493983850444093986E+00    0.101500861306766197E+02
    0.244150845798234194E-02    0.511427139379071605E+02    0.508217847692431945E+00    0.100559844923286299E+02
    0.241855677960470987E-02    0.511416040950396464E+02    0.492691609101037264E+00    0.101542591939393958E+02
    0.240570840866362020E-02    0.511322572418447407E+02    0.508779430546638989E+00    0.100459417883192863E+02
    0.282405272532736465E-02    0.508115667624283631E+02    0.505546720741435474E+00    0.100514746801480150E+02
    0.289998976089291026E-02    0.507584983297059580E+02    0.503808080987292350E+00    0.100577803610897334E+02
    0.324462822196819886E-02    0.505339111940429007E+02    0.497091215287593369E+00    0.101014237866407015E+02
    0.298692142096739855E-02    0.506994262784651184E+02    0.498845554107270273E+00    0.101172879789298911E+02
    0.309125006580747473E-02    0.506307616199416017E+02    0.498942207180892772E+00    0.100852085716175388E+02
    0.342916535084908684E-02    0.504232789549822016E+02    0.501536989451407678E+00    0.100840630068538673E+02
    0.325934502999378813E-02    0.505248602139283065E+02    0.502923527124267467E+00    0.100709718610717651E+02
    0.329333955504135592E-02    0.505041085176802227E+02    0.496216299434979802E+00    0.101203721305694891E+02
    0.317960748021729874E-02    0.505743972316660475E+02    0.497432822055645540E+00    0.101204141645732122E+02
    0.243839048675491927E-02    0.511052363720785294E+02    0.508607382314373302E+00    0.100469426600431433E+02
    0.286328910443058027E-02    0.507839707411041275E+02    0.493209973431329218E+00    0.101403582337043723E+02
    0.313165899144724836E-02    0.506047869555200478E+02    0.498269455905391068E+00    0.101175111974899181E+02
    0.325746088051601318E-02    0.505260167004378999E+02    0.495720784306763584E+00    0.101150878450381398E+02
    0.260735393212654801E-02    0.509712409662975858E+02    0.503927724543345779E+00    0.100905122539120953E+02
    0.324605293629470076E-02    0.505330331879818075E+02    0.497536528098969311E+00    0.101182305757080861E+02
    0.270100344568086331E-02    0.509006660411946257E+02    0.492452996715460556E+00    0.101289157893229032E+02
    0.290579504579822206E-02    0.507544986727890262E+02    0.501148897109351177E+00    0.101048662952351904E+02
    0.270954575704051128E-02    0.508943507351971220E+02    0.505043780130315811E+00    0.100495904526865480E+02
    0.314341279922308783E-02    0.505972945653680384E+02    0.501952901382540562E+00    0.100945267579263884E+02
    0.305202902381147443E-02    0.506562994959354995E+02    0.496087150365049245E+00    0.101289229405696517E+02
    0.307048194187622059E-02    0.506442436750194602E+02    0.498248527760499993E+00    0.100891637146192323E+02
    0.322944922614553992E-02    0.505432895332782124E+02    0.502609239131160956E+00    0.100704799956490980E+02
    0.261469270781904259E-02    0.509656195837019439E+02    0.494207720412309759E+00    0.101449820666266071E+02
    0.332777708021578114E-02    0.504833036670106807E+02    0.499655283298664266E+00    0.101051660587264145E+02
    0.348603172241683350E-02    0.503903846482174202E+02    0.499823591562058800E+00    0.100935678503381894E+02
    0.244902382553192606E-02    0.510965337290241735E+02    0.497864043808956769E+00    0.101312272229519529E+02
    0.272086821965555024E-02    0.508860106866697564E+02    0.496388321913674935E+00    0.100954177947357842E+02
    0.299660811116538505E-02    0.506929507033997240E+02    0.493911485212940593E+00    0.101235429049839212E+02
    0.290863711832802917E-02    0.507525434877075412E+02    0.502293559310914017E+00    0.100640214679232614E+02
    0.300883246054451476E-02    0.506848085089233322E+02    0.496451839081050339E+00    0.101004324628362170E+02
    0.344581002619604154E-02    0.504135947266292987E+02    0.499557190316179844E+00    0.101012669301123168E+02
    0.320515079144001284E-02    0.505583944660709648E+02    0.495193860260714436E+00    0.101247985149282620E+02
    0.271533073096901119E-02    0.508900852179016638E+02    0.492855997728708861E+00    0.101248366135996086E+02
    0.259280845600275102E-02    0.509824294738651034E+02    0.491673679849528533E+00    0.101500238032212984E+02
    0.287117834255820560E-02    0.507784677065657704E+02    0.493052790098659377E+00    0.101288079135458879E+02
    0.252234352484097778E-02    0.510375358631372578E+02    0.494419877929216045E+00    0.101459727281218939E+02
    0.266252313874409561E-02    0.509293642990134003E+02    0.499153407824912521E+00    0.100765865496264908E+02
    0.328860289224504982E-02    0.505069870986778042E+02    0.503148606216664795E+00    0.100780126648778889E+02
    0.276685092948379674E-02    0.508524930923553171E+02    0.493389981121828358E+00    0.101436391952358669E+02
    0.339745687832624732E-02    0.504418583926553552E+02    0.497108915123010087E+00    0.101086944611224290E+02
    0.269227481028684991E-02    0.509071397609626501E+02    0.507277477957256528E+00    0.100495724779138165E+02
    0.300649546884328069E-02    0.506863625334727814E+02    0.494201296567579051E+00    0.101346751070674408E+02
    0.297497968236886279E-02    0.507074383231883274E+02    0.496600817299597264E+00    0.101285737926489610E+02
    0.269672928699691769E-02    0.509038334151932688E+02    0.491868903513245026E+00    0.101374954367833929E+02
    0.325622561810524425E-02    0.505267752646861652E+02    0.495787421127692696E+00    0.101225304482654117E+02
    0.240795561953459922E-02    0.511303565485233804E+02    0.508430184500408111E+00    0.100524382265791807E+02
    0.296466142015064773E-02    0.507143870747507037E+02    0.493965229905947434E+00    0.101364208745098843E+02
    0.326833732895329696E-02    0.505193499552158087E+02    0.497813282537609036E+00    0.101163978178087675E+02
    0.244971816325450327E-02    0.510959667771587291E+02    0.496277130465246186E+00    0.101391905322744869E+02
    0.278127758615165713E-02    0.508420919712260755E+02    0.493047849111410530E+00    0.101249336757733559E+02
    0.340204660304689946E-02    0.504391583570246382E+02    0.501841224456847868E+00    0.100809326372598349E+02
    0.335907297600945625E-02    0.504645826704041340E+02    0.499017994298109779E+00    0.101077929966408888E+02
    0.242128455517635855E-02    0.511193163276971561E+02    0.498275941903069619E+00    0.101294289261269697E+02
    0.301551847640556085E-02    0.506803691801550471E+02    0.494340481873893789E+00    0.101342712920026443E+02
    0.344200657826238552E-02    0.504158035243012819E+02    0.499734843227403691E+00    0.100903674977139950E+02
    0.322739935404072918E-02    0.505445594234719877E+02    0.500920783207133069E+00    0.100997860489449920E+02
    0.347371128758470387E-02    0.503974656267444843E+02    0.500543146569071395E+00    0.100898316432809096E+02
    0.315140363934263753E-02    0.505922168354676742E+02    0.500945686004654611E+00    0.101014006881716369E+02
    0.273007535946403991E-02    0.508792543161948601E+02    0.506276413751057919E+00    0.100477966348085630E+02
    0.301142061716326744E-02    0.506830888757153559E+02    0.497884931206695525E+00    0.100903909188950784E+02
    0.341226278109920756E-02    0.504331614554279497E+02    0.500186272342772353E+00    0.100866063040795559E+02
    0.332942668825255859E-02    0.504823124952647504E+02    0.502837922549148386E+00    0.100767131357985100E+02
    0.251401284358189264E-02    0.510441523042684722E+02    0.495204655606586053E+00    0.101429670925901831E+02
    0.257476025599335558E-02    0.509963998915999639E+02    0.494561088715864627E+00    0.101064217000784637E+02
    0.244791935706098430E-02    0.510974358987643384E+02    0.491478115034911511E+00    0.101552457015037696E+02
    0.340942077545537637E-02    0.504348279096307621E+02    0.499982939746826283E+00    0.101003628543425208E+02
    0.297752189997416714E-02    0.507057299874745411E+02    0.501587648727426116E+00    0.101006256107625525E+02
    0.282971474892951226E-02    0.508075609199378277E+02    0.504930580868739542E+00    0.100527822492676187E+02
    0.320107247637967454E-02    0.505609409371761913E+02    0.504013479394493924E+00    0.100711935934728380E+02
    0.301967735732246471E-02    0.506776127615135934E+02    0.505331312626670970E+00    0.100637790773491531E+02
    0.245154995846087829E-02    0.510944718209586668E+02    0.492395047264497454E+00    0.101223144306044048E+02
    0.295080437637535451E-02    0.507237571359416179E+02    0.493260350398865510E+00    0.101329953646107782E+02
    0.265437871244666914E-02    0.509354915008278581E+02    0.503151510539019520E+00    0.100954303396113438E+02
    0.348508518500848527E-02    0.503909277677357039E+02    0.499786840175916680E+00    0.100935501323666337E+02
    0.288868004105383245E-02    0.507663134130439886E+02    0.506018980701445464E+00    0.100549241120718378E+02
    0.326471753287573127E-02    0.505215662515883608E+02    0.495619942074016717E+00    0.101175620332258021E+02
    0.347904134658444473E-02    0.503943991807917300E+02    0.500309931409088082E+00    0.100931529057252440E+02
    0.282571868264508029E-02    0.508103872758646062E+02    0.505695190149134999E+00    0.100513906803830011E+02
    0.268462013040104237E-02    0.509128342631923019E+02    0.507306125342232406E+00    0.100537748953382362E+02
    0.315266612924772031E-02    0.505914157720478244E+02    0.495742878978420676E+00    0.101271786638594072E+02
    0.284905232030370796E-02    0.507939399026409646E+02    0.505968107539300660E+00    0.100659413875382988E+02
    0.297762750805861476E-02    0.507056590518339902E+02    0.499774718270345697E+00    0.101121490215020593E+02
    0.252229139138150605E-02    0.510375772008834545E+02    0.500453412118841090E+00    0.100670311853012571E+02
    0.292590112664513650E-02    0.507407077207787509E+02    0.493212554059754726E+00    0.101365594784148989E+02
    0.246146595984145147E-02    0.510863985600451755E+02    0.507380950092012450E+00    0.100633894816912424E+02
    0.322370667592848962E-02    0.505468490640380637E+02    0.498140349487499579E+00    0.101160467545642163E+02
    0.274990449070460115E-02    0.508647803813802213E+02    0.496053564407450964E+00    0.101352215846023910E+02
    0.255063481393749507E-02    0.510152281925643578E+02    0.503113464438685876E+00    0.100540623047049031E+02
    0.293044955163405214E-02    0.507376010585221096E+02    0.502275268318702062E+00    0.100645207051955516E+02
    0.297963752603092914E-02    0.507043094271071482E+02    0.505043422714724022E+00    0.100716511405520670E+02
    0.260873507205305888E-02    0.509701818279602676E+02    0.494028354572052963E+00    0.101457077781325644E+02
    0.328416889856118907E-02    0.505096855002031404E+02    0.496719105634186031E+00    0.101199554500842765E+02
    0.250733408191992002E-02    0.510494726023474854E+02    0.501656651404154608E+00    0.101080257725219127E+02
    0.306414425129455893E-02    0.506483760818764281E+02    0.496315317808901979E+00    0.101027258490691381E+02
    0.305280237897046294E-02    0.506557927791322982E+02    0.498554692968853019E+00    0.101176253492496073E+02
    0.260053719621186532E-02    0.509764766669984724E+02    0.491282640157803319E+00    0.101470209368962045E+02
    0.298946769425696658E-02    0.506977220564711644E+02    0.493508486410841107E+00    0.101318008379986821E+02
    0.245994648158126853E-02    0.510876335537194848E+02    0.504811910353888393E+00    0.100454193043525457E+02
    0.318654283739870734E-02    0.505700395840585841E+02    0.503969114998242818E+00    0.100742210302877311E+02
    0.308336028224494513E-02    0.506358727362140257E+02    0.502295719017473385E+00    0.100676264030477007E+02
