    0.511389869207827701E+02    0.398587142245247037E+02    0.112773251786915250E+02    0.163941814401528774E+02   -0.724778233629009037E+03
    0.453082955890101005E+02    0.515442829835727991E+02    0.164158926578016846E+02    0.117313369812679014E+02   -0.724501019514217319E+03
    0.483313945311626014E+02    0.516565758247228359E+02    0.224814804020160039E+02    0.162440744083773225E+02   -0.723666695585054981E+03
    0.485668614819887239E+02    0.418937609982483821E+02    0.128978776290337294E+02    0.238302008945590451E+02   -0.723429512212558848E+03
    0.502901373053076952E+02    0.440526777214012100E+02    0.150245151815847162E+02    0.113899559549179727E+02   -0.723021914700984098E+03
    0.514428890910190262E+02    0.497534275533892014E+02    0.217881473114070552E+02    0.137620382323978685E+02   -0.723018990922145235E+03
    0.475300381055672858E+02    0.540633504032091707E+02    0.138456771591333290E+02    0.136106084204332625E+02   -0.723010859308245585E+03
    0.513290109877868019E+02    0.555144304366405947E+02    0.119426825861903048E+02    0.158617067311422844E+02   -0.722996748181408634E+03
    0.553905509470348250E+02    0.422175438470346762E+02    0.143245030130780346E+02    0.189246266184656022E+02   -0.722759950691131394E+03
    0.465236359974427103E+02    0.455183920952417793E+02    0.176264355479308286E+02    0.122063642493237570E+02   -0.722756428137051216E+03
    0.465214608592237084E+02    0.507404774687467750E+02    0.996960656867985406E+01    0.204956748381374254E+02   -0.722483965407082451E+03
    0.464222946580485427E+02    0.514387857700372138E+02    0.113465261129613744E+02    0.135293949514379346E+02   -0.722483914315087191E+03
    0.469223405971831369E+02    0.460214016997741453E+02    0.100432437157842234E+02    0.136429160852793476E+02   -0.722473642905607448E+03
    0.571504087982165458E+02    0.496304588866114216E+02    0.187050817699789356E+02    0.176197767512409946E+02   -0.722428200489670644E+03
    0.467450861594981006E+02    0.537438702848801313E+02    0.112088687375731197E+02    0.191212741967885620E+02   -0.722362226210926906E+03
    0.541096424065681560E+02    0.545487088864703651E+02    0.127247565527955597E+02    0.189337351025249632E+02   -0.722304671577654858E+03
    0.519925516713435911E+02    0.551199289014749070E+02    0.121795183528407343E+02    0.207830871987703070E+02   -0.722210789561998126E+03
    0.542598350704520840E+02    0.430218749915412673E+02    0.117263132264169521E+02    0.167624609331949088E+02   -0.722056309986886504E+03
    0.536845569588218154E+02    0.507490845910678559E+02    0.104436078824516922E+02    0.139220901291635588E+02   -0.721950633860876792E+03
    0.443818616805278907E+02    0.493354695167613500E+02    0.178340213399155729E+02    0.142389048312083251E+02   -0.721931021544410896E+03
    0.476905026378996126E+02    0.438020236864692833E+02    0.178136630148907145E+02    0.138354588867432309E+02   -0.721826881855117222E+03
    0.523583660577052683E+02    0.487475395675512289E+02    0.172830568847629351E+02    0.113819920662313656E+02   -0.721812953953524811E+03
    0.485948178660621295E+02    0.465320610747047851E+02    0.829525846826413371E+01    0.187227082555065643E+02   -0.721706890319438230E+03
    0.453174761750911728E+02    0.494638009413400539E+02    0.128329193873600023E+02    0.213169780046955566E+02   -0.721609551541249175E+03
    0.494303437216908890E+02    0.556277597127444210E+02    0.141491748516001827E+02    0.196652626725325597E+02   -0.721562313192846091E+03
    0.523102324917349506E+02    0.462142247757979874E+02    0.160466400229386572E+02    0.241739386275633734E+02   -0.721529398957128706E+03
    0.462981800698229335E+02    0.520701071370916964E+02    0.175053624109508057E+02    0.210604037163341857E+02   -0.721391437142362520E+03
    0.517990655660890411E+02    0.420630825115545406E+02    0.168602663079734754E+02    0.208951577648971671E+02   -0.721385095847263528E+03
    0.505599191625607318E+02    0.553307090757475635E+02    0.128145627177601611E+02    0.178253891421175226E+02   -0.721368443474019841E+03
    0.456925236941241906E+02    0.444242241730980538E+02    0.122105046453147796E+02    0.163251159512674242E+02   -0.721342166633898273E+03
    0.472779014405332418E+02    0.517318621279793831E+02    0.994636692307833314E+01    0.170764353971561036E+02   -0.721335406409624170E+03
    0.466712862065286629E+02    0.497488194145710452E+02    0.109629656118784844E+02    0.138072761001452253E+02   -0.721332216836710586E+03
    0.564482623627777116E+02    0.509661777439161767E+02    0.151446714758144285E+02    0.169298207695847864E+02   -0.721288807823180605E+03
    0.442478100028661459E+02    0.503702821575821815E+02    0.171932879969200876E+02    0.184948776055878419E+02   -0.721258794730632872E+03
    0.542952493860526317E+02    0.456637576388008313E+02    0.106620558256745674E+02    0.165016113330792571E+02   -0.721077320422228468E+03
    0.441443658157645871E+02    0.497300648573787214E+02    0.147783585438711498E+02    0.160720546320570747E+02   -0.721034174566153183E+03
    0.461699933821286663E+02    0.479634112487106847E+02    0.185534193231202806E+02    0.139006872660611585E+02   -0.720837574198625134E+03
    0.470175939876023108E+02    0.535884822137184074E+02    0.160638548241727079E+02    0.161555313128084208E+02   -0.720836779587995011E+03
    0.488471270380052829E+02    0.502284041971090005E+02    0.905284489945873183E+01    0.155474428468160202E+02   -0.720818603695884576E+03
    0.524356105245251740E+02    0.478722857039473411E+02    0.906787701524825884E+01    0.155254913438846689E+02   -0.720772300924058641E+03
    0.511332056160289596E+02    0.507524479929908807E+02    0.108518159613138021E+02    0.131115999795190934E+02   -0.720771501599978592E+03
    0.462097362113607630E+02    0.499702626162679451E+02    0.121313228922142091E+02    0.207995363602455292E+02   -0.720747537390570528E+03
    0.526727955883010566E+02    0.514873701575786811E+02    0.116610893104088085E+02    0.137221239221597919E+02   -0.720746101436277627E+03
    0.466481162150288071E+02    0.443455015668127714E+02    0.114739317300612225E+02    0.173079669765207491E+02   -0.720705966188499360E+03
    0.468706579190216814E+02    0.485163389125243043E+02    0.178085126116029677E+02    0.218679135623137668E+02   -0.720668148530373742E+03
    0.517858242039486072E+02    0.533959778258201823E+02    0.128167621526390842E+02    0.147480853332437558E+02   -0.720652766110378366E+03
    0.521242784166863089E+02    0.544948053659217067E+02    0.138305706639754273E+02    0.169193895637723060E+02   -0.720646077439948499E+03
    0.447715310980487970E+02    0.504634761423537270E+02    0.145210976839061630E+02    0.157524656007911457E+02   -0.720643301112836298E+03
    0.518989723804191954E+02    0.456444363927049324E+02    0.921699064191704132E+01    0.170328259658375494E+02   -0.720587758296308039E+03
    0.478005509583070989E+02    0.428567823050956065E+02    0.171949778290058006E+02    0.189893118643098262E+02   -0.720541447435101190E+03
    0.545054358649372261E+02    0.527174120748230450E+02    0.146883702164676855E+02    0.190720032865880462E+02   -0.720436805569771195E+03
    0.469185816584434860E+02    0.449287380588291398E+02    0.180113841470340574E+02    0.150764358656004269E+02   -0.720405412689466630E+03
    0.465447105455098438E+02    0.496476396099226349E+02    0.193571014752946482E+02    0.156109346264874436E+02   -0.720392538472023830E+03
    0.499296771063432061E+02    0.423666956669578951E+02    0.136465956881397652E+02    0.208114020456683662E+02   -0.720335904359514302E+03
    0.460745508715285723E+02    0.478511259800161497E+02    0.148257112947998415E+02    0.133295233000390674E+02   -0.720196870038717634E+03
    0.476675209429864708E+02    0.494847510822116305E+02    0.120324189257566427E+02    0.131088110431757698E+02   -0.720187593935039445E+03
    0.524133895726082528E+02    0.448700008433282278E+02    0.180844039659033875E+02    0.207302954332832421E+02   -0.720179898487627838E+03
    0.475482343689045308E+02    0.513234278615774144E+02    0.174052237929296503E+02    0.143204469591184846E+02   -0.720062125819809353E+03
    0.476936096563275385E+02    0.489723900329786943E+02    0.201159780600322158E+02    0.168043724911723977E+02   -0.720042481402647581E+03
    0.474349494223725685E+02    0.443971681904939146E+02    0.124495412815708999E+02    0.203401293025901886E+02   -0.720041268974172795E+03
    0.465865987063006628E+02    0.447386513888972672E+02    0.176579035874304324E+02    0.185688352269802444E+02   -0.719972627695843016E+03
    0.511922115186069107E+02    0.446505627326082219E+02    0.188007579635539521E+02    0.156704942090011148E+02   -0.719918907694457403E+03
    0.540311987627626422E+02    0.509460999026644288E+02    0.184331355697879005E+02    0.168553448560852530E+02   -0.719909711886050104E+03
    0.478415390172289676E+02    0.453787308448372642E+02    0.123403500380393929E+02    0.139487555484934251E+02   -0.719887086045381920E+03
    0.483272886013849643E+02    0.516042793452870399E+02    0.113204430541041141E+02    0.150331793764254797E+02   -0.719854929698448132E+03
    0.553711842692581229E+02    0.486553405102442866E+02    0.135786735405114829E+02    0.188039399264807265E+02   -0.719854793745528923E+03
    0.471862753339885046E+02    0.435860771081440532E+02    0.164604479934534460E+02    0.184345479749937731E+02   -0.719838472765827532E+03
    0.477351319754471035E+02    0.460048265630727542E+02    0.136660495791140058E+02    0.131478801237940068E+02   -0.719820630922917189E+03
    0.515793473141361574E+02    0.509174262727298128E+02    0.991395110504301158E+01    0.183914889990891943E+02   -0.719798822039286506E+03
    0.545889008353701684E+02    0.481372846148100280E+02    0.145541208452495550E+02    0.208462249365577996E+02   -0.719752850776776995E+03
    0.553327567437718812E+02    0.477947621657716866E+02    0.175185883609150572E+02    0.165625547859549584E+02   -0.719751309887839284E+03
    0.484375727913644027E+02    0.456348893602865360E+02    0.152134748283702201E+02    0.130247629844892927E+02   -0.719748317496151344E+03
    0.546497421039148037E+02    0.471597588825202934E+02    0.131047587079504364E+02    0.198656605955334697E+02   -0.719745997133533251E+03
    0.516386796570791091E+02    0.476656180524670674E+02    0.120168907620475434E+02    0.222653670290703545E+02   -0.719692837586333326E+03
    0.545441770185863675E+02    0.456955735427101786E+02    0.144452802200432320E+02    0.150078500925278444E+02   -0.719674745861286169E+03
    0.503639702386990962E+02    0.435330673094750864E+02    0.114162525601694824E+02    0.165914775015461373E+02   -0.719663788333576917E+03
    0.469541055559085976E+02    0.508741912592011829E+02    0.135116823207612189E+02    0.207581640640767731E+02   -0.719624319422165627E+03
    0.459642350947675027E+02    0.495805657843496874E+02    0.166039941372436353E+02    0.147626934045961153E+02   -0.719623058385620880E+03
    0.495234486245277878E+02    0.505634644667960913E+02    0.103105810309690646E+02    0.198744651251923905E+02   -0.719617389277684993E+03
    0.524221454442440233E+02    0.531765715780996686E+02    0.132448088072486634E+02    0.164745338842046358E+02   -0.719602556899816136E+03
    0.496671308765301092E+02    0.479154217578036423E+02    0.977235283568790969E+01    0.149235287342620957E+02   -0.719571605557807175E+03
    0.461315093154780129E+02    0.492234973921655694E+02    0.120996335048355199E+02    0.162174567977771460E+02   -0.719557585867759030E+03
    0.532997603971710987E+02    0.468924080206633676E+02    0.106321288568102403E+02    0.169964282332094854E+02   -0.719548829738460995E+03
    0.488512935492502436E+02    0.507251845223441080E+02    0.103314304781674497E+02    0.190248139767589990E+02   -0.719540220784230542E+03
    0.470796051022741437E+02    0.468665142554560816E+02    0.167129161552309320E+02    0.210621800873411118E+02   -0.719520759843673432E+03
    0.500225392150833557E+02    0.424449856926734128E+02    0.148414094066587054E+02    0.185428466991023910E+02   -0.719511868992128484E+03
    0.499862189587172736E+02    0.504021598171810012E+02    0.116295485196099015E+02    0.216242629128277564E+02   -0.719504562068654309E+03
    0.544931176439777403E+02    0.452170595421125086E+02    0.134853781770141534E+02    0.170099736174328058E+02   -0.719489730406634294E+03
    0.497403744017386487E+02    0.471931817358367880E+02    0.126791490840619279E+02    0.125784187628702373E+02   -0.719488585833425304E+03
    0.524130159972776255E+02    0.505167915474707172E+02    0.105036329904188737E+02    0.184235165384597934E+02   -0.719455953050073390E+03
    0.507041771249431577E+02    0.528462453462064161E+02    0.115276775454915565E+02    0.186254777548070436E+02   -0.719455028652746250E+03
    0.517236224094064312E+02    0.535613142830553670E+02    0.157498571702389132E+02    0.175229049030026971E+02   -0.719435918853168459E+03
    0.514022696916064206E+02    0.487750520751446572E+02    0.194784807494373311E+02    0.193757540590968418E+02   -0.719433833378257987E+03
    0.532372701714181460E+02    0.468220804928340328E+02    0.155974121986058663E+02    0.133628212036104763E+02   -0.719407359660487145E+03
    0.497118499305914838E+02    0.501595712670397234E+02    0.190348692061831315E+02    0.196818279042090580E+02   -0.719398451441659290E+03
    0.497118499305914838E+02    0.501595712670397234E+02    0.190348692061831315E+02    0.196818279042090580E+02   -0.719398451441659290E+03
    0.517798924269628742E+02    0.502826829147217893E+02    0.183107584364202474E+02    0.202925429188918862E+02   -0.719338605914848017E+03
    0.517798924269628742E+02    0.502826829147217893E+02    0.183107584364202474E+02    0.202925429188918862E+02   -0.719338605914848017E+03
    0.498455933272342122E+02    0.465703479414634955E+02    0.109869724786640859E+02    0.208705487876215230E+02   -0.719312429667352376E+03
    0.524027170827273494E+02    0.434248232269353309E+02    0.161985156639671040E+02    0.175456770680632843E+02   -0.719302770490242096E+03
    0.501186280201846444E+02    0.471052118921380156E+02    0.147442685290499611E+02    0.227740759317035568E+02   -0.719299459193105804E+03
    0.524546938050740437E+02    0.500739643817883007E+02    0.190144545015522546E+02    0.160686976603831688E+02   -0.719296350601311246E+03
    0.485868690127620084E+02    0.461191720466963204E+02    0.115985192173735623E+02    0.206623561213624107E+02   -0.719239516263716723E+03
    0.485868690127620084E+02    0.461191720466963204E+02    0.115985192173735623E+02    0.206623561213624107E+02   -0.719239516263716723E+03
    0.496132681471665649E+02    0.463438303849337387E+02    0.108858881595332537E+02    0.144026713501736676E+02   -0.719223833905143351E+03
    0.505404403647170852E+02    0.511553412031227310E+02    0.183967704278359818E+02    0.196012336866525487E+02   -0.719223163557006274E+03
    0.523091289806313569E+02    0.528707366900548266E+02    0.141181236296156492E+02    0.161464462596161589E+02   -0.719179957922748144E+03
    0.523091289806313569E+02    0.528707366900548266E+02    0.141181236296156492E+02    0.161464462596161589E+02   -0.719179957922748144E+03
    0.524659157075925862E+02    0.484865588984159217E+02    0.166029945378480157E+02    0.132525389879634634E+02   -0.719175960838847004E+03
    0.524659157075925862E+02    0.484865588984159217E+02    0.166029945378480157E+02    0.132525389879634634E+02   -0.719175960838847004E+03
    0.515160783956252999E+02    0.483045838588503216E+02    0.180938964792394010E+02    0.208855725581324840E+02   -0.719162614350437025E+03
    0.515160783956252999E+02    0.483045838588503216E+02    0.180938964792394010E+02    0.208855725581324840E+02   -0.719162614350437025E+03
    0.489170441720994802E+02    0.499231621385914366E+02    0.112519256531719964E+02    0.142904198932186368E+02   -0.719145087470030035E+03
    0.478105751421203422E+02    0.468158435605516274E+02    0.135893093172023658E+02    0.134395019676420731E+02   -0.719133418940105912E+03
    0.478295454240507638E+02    0.492956020329410478E+02    0.106576434759858056E+02    0.180656646282326179E+02   -0.719132182344713783E+03
    0.478295454240507638E+02    0.492956020329410478E+02    0.106576434759858056E+02    0.180656646282326179E+02   -0.719132182344713783E+03
    0.473231491668279602E+02    0.467552381996186170E+02    0.153528196351666164E+02    0.136945669848468103E+02   -0.719129427115171438E+03
    0.475689146509537579E+02    0.464901657401931061E+02    0.180257913311960891E+02    0.152281197885362563E+02   -0.719106803207376402E+03
    0.475689146509537579E+02    0.464901657401931061E+02    0.180257913311960891E+02    0.152281197885362563E+02   -0.719106803207376402E+03
    0.514396144659010872E+02    0.438332943282584893E+02    0.159385262127408254E+02    0.155570713815770176E+02   -0.719088757192372668E+03
    0.509539871478290536E+02    0.464979209040496357E+02    0.101500333765581825E+02    0.187066346941419255E+02   -0.719075316863273315E+03
    0.509539871478290536E+02    0.464979209040496357E+02    0.101500333765581825E+02    0.187066346941419255E+02   -0.719075316863273315E+03
    0.518015582565782040E+02    0.484770908098078337E+02    0.178325918612829533E+02    0.138352246741799902E+02   -0.719067629888071338E+03
    0.515823954628526735E+02    0.523136511787598124E+02    0.116576374050659552E+02    0.177533905379168360E+02   -0.719066781814007527E+03
    0.515823954628526735E+02    0.523136511787598124E+02    0.116576374050659552E+02    0.177533905379168360E+02   -0.719066781814007527E+03
    0.480365491884801941E+02    0.479048488630806162E+02    0.171960510743139956E+02    0.137402219403689703E+02   -0.719061958741999661E+03
    0.474756805385541441E+02    0.455371093889209533E+02    0.125108487628225316E+02    0.196568209031694749E+02   -0.719055830123888313E+03
    0.474756805385541441E+02    0.455371093889209533E+02    0.125108487628225316E+02    0.196568209031694749E+02   -0.719055830123888313E+03
    0.516820660140029418E+02    0.492854466005087204E+02    0.188789486951747136E+02    0.193964098127695941E+02   -0.719054588620721461E+03
    0.484434468331971573E+02    0.530169938174222182E+02    0.156479706116051354E+02    0.175511917148882794E+02   -0.719052049390329898E+03
    0.515717368079248502E+02    0.448040142872046374E+02    0.135823618292178079E+02    0.142053260322272497E+02   -0.719051196471674530E+03
    0.489310885588829194E+02    0.528217341534030425E+02    0.135833154506955722E+02    0.159712194575542945E+02   -0.719042355760988812E+03
    0.469614605652294017E+02    0.455283106302973408E+02    0.137516827735844345E+02    0.151872173639241677E+02   -0.719025287456760111E+03
    0.489266891559522605E+02    0.446192934989293235E+02    0.178702761542439994E+02    0.170087584836648631E+02   -0.718991211159045179E+03
    0.524796746842670814E+02    0.487973338461991375E+02    0.115703445032836978E+02    0.143509190494790388E+02   -0.718952673143712445E+03
    0.538629243053895266E+02    0.513356451682224986E+02    0.163798004989481143E+02    0.174091465969012056E+02   -0.718947391830550373E+03
    0.538629243053895266E+02    0.513356451682224986E+02    0.163798004989481143E+02    0.174091465969012056E+02   -0.718947391830550373E+03
    0.516214901730679117E+02    0.448783993438634070E+02    0.158845982898723257E+02    0.208773963238215750E+02   -0.718926523169431334E+03
    0.516874864475456945E+02    0.458821200924733432E+02    0.181500134308316134E+02    0.194909446710716594E+02   -0.718905484334095604E+03
    0.532497977750541338E+02    0.479688176480152038E+02    0.186128428424906893E+02    0.164552822907145391E+02   -0.718904822967365021E+03
    0.532497977750541338E+02    0.479688176480152038E+02    0.186128428424906893E+02    0.164552822907145391E+02   -0.718904822967365021E+03
    0.462425100466701338E+02    0.505501716929220493E+02    0.142768502141949547E+02    0.181936452693613155E+02   -0.718888787459667924E+03
    0.462425100466701338E+02    0.505501716929220493E+02    0.142768502141949547E+02    0.181936452693613155E+02   -0.718888787459667924E+03
    0.515475972134649396E+02    0.529619948591018499E+02    0.154432269661789636E+02    0.167035029926116394E+02   -0.718877688273475428E+03
    0.503981928205150780E+02    0.437500950819834031E+02    0.122083086985411153E+02    0.183575977091703990E+02   -0.718864481304022775E+03
    0.503981928205150780E+02    0.437500950819834031E+02    0.122083086985411153E+02    0.183575977091703990E+02   -0.718864481304022775E+03
    0.538899925735522345E+02    0.457566149766149977E+02    0.169821842252295916E+02    0.170026042240546680E+02   -0.718864038970765478E+03
    0.511555402645151958E+02    0.487033527931789365E+02    0.192289720698163329E+02    0.159663659772881275E+02   -0.718846786615164774E+03
    0.494393242692306671E+02    0.502983236458040608E+02    0.111917428321628307E+02    0.200050747432710629E+02   -0.718841507514836735E+03
    0.495784802005795484E+02    0.511324567219355401E+02    0.108185786226269265E+02    0.167468440342412244E+02   -0.718829337930020188E+03
    0.495784802005795484E+02    0.511324567219355401E+02    0.108185786226269265E+02    0.167468440342412244E+02   -0.718829337930020188E+03
    0.513665276473979588E+02    0.449955976462489673E+02    0.151838325083576926E+02    0.211381809000777956E+02   -0.718816712788102564E+03
    0.492072135898114027E+02    0.499014131730246220E+02    0.185392152938424850E+02    0.192473697255681628E+02   -0.718810410745509898E+03
    0.479098861319114633E+02    0.461318289459447612E+02    0.119623074960778943E+02    0.151932852832368699E+02   -0.718793857799431180E+03
    0.456636498714623258E+02    0.482554100865544342E+02    0.150882479789710295E+02    0.172064022479575556E+02   -0.718789810783592657E+03
    0.480886443170070663E+02    0.443281378874297332E+02    0.164813991822837842E+02    0.183203320795768079E+02   -0.718780556539566419E+03
    0.509009948965845069E+02    0.475360977190623544E+02    0.100588062902907858E+02    0.163923548120324298E+02   -0.718773190072154080E+03
    0.509009948965845069E+02    0.475360977190623544E+02    0.100588062902907858E+02    0.163923548120324298E+02   -0.718773190072154080E+03
    0.504533586661887341E+02    0.489032860568572403E+02    0.105599581080578382E+02    0.149173953720532850E+02   -0.718769084454695758E+03
    0.473789291994132213E+02    0.451199019780246431E+02    0.135645228526783441E+02    0.192437831525244079E+02   -0.718744738490175678E+03
    0.516127853836208601E+02    0.491643026548934472E+02    0.183404155730819625E+02    0.196898712773314415E+02   -0.718735900475566609E+03
    0.520896190591199399E+02    0.450380584467130234E+02    0.126167800882446208E+02    0.199497688549495358E+02   -0.718734533153667940E+03
    0.492817249038166949E+02    0.459437614292633612E+02    0.108511902536102429E+02    0.160113553923168475E+02   -0.718714873778027936E+03
    0.492817249038166949E+02    0.459437614292633612E+02    0.108511902536102429E+02    0.160113553923168475E+02   -0.718714873778027936E+03
    0.510117746767088533E+02    0.502900373443921467E+02    0.130125097670999690E+02    0.136333390605113696E+02   -0.718680520800008935E+03
    0.509578668024851140E+02    0.434465040220917444E+02    0.134569729936977751E+02    0.181208223878633810E+02   -0.718675929317122950E+03
    0.509578668024851140E+02    0.434465040220917444E+02    0.134569729936977751E+02    0.181208223878633810E+02   -0.718675929317122950E+03
    0.520375514074807484E+02    0.489658437917903200E+02    0.167622941737266338E+02    0.210173836077206957E+02   -0.718671314698820538E+03
    0.499096553941654406E+02    0.514519167226233378E+02    0.140817588212594860E+02    0.142255992730303795E+02   -0.718641358226882971E+03
    0.496324313524327749E+02    0.443924747078139887E+02    0.168196709394547987E+02    0.191556433656167542E+02   -0.718629605311272826E+03
    0.463367220251865604E+02    0.482983932180707995E+02    0.137852182041931197E+02    0.189025965676988683E+02   -0.718620869477147039E+03
    0.463938906132302975E+02    0.469027485843198519E+02    0.141048862173238767E+02    0.188091829251175469E+02   -0.718609472001578865E+03
    0.463938906132302975E+02    0.469027485843198519E+02    0.141048862173238767E+02    0.188091829251175469E+02   -0.718609472001578865E+03
    0.484948316322414996E+02    0.471674376869842717E+02    0.107473257020427386E+02    0.179637780539832086E+02   -0.718607691877958473E+03
    0.492693376121092967E+02    0.505775101667091747E+02    0.118436550462702037E+02    0.147764525088867700E+02   -0.718591178526809585E+03
    0.487902459238777340E+02    0.464777691619397899E+02    0.124715817975638465E+02    0.141080806522057784E+02   -0.718590503782916016E+03
    0.487902459238777340E+02    0.464777691619397899E+02    0.124715817975638465E+02    0.141080806522057784E+02   -0.718590503782916016E+03
    0.506881915079856356E+02    0.494617984050275084E+02    0.106504406234464373E+02    0.191217682257288573E+02   -0.718576314638147551E+03
    0.486411368646443236E+02    0.475025688736184861E+02    0.166182300753090075E+02    0.137990574579600427E+02   -0.718555987270901937E+03
    0.507827366984903108E+02    0.435272697978240899E+02    0.152909646838922519E+02    0.182561674102430977E+02   -0.718553700425642205E+03
    0.494458332173940107E+02    0.497759065708073081E+02    0.121221070330921314E+02    0.140309266644933093E+02   -0.718546814284698939E+03
    0.494458332173940107E+02    0.497759065708073081E+02    0.121221070330921314E+02    0.140309266644933093E+02   -0.718546814284698939E+03
    0.497391953292991786E+02    0.463327669342066599E+02    0.106179106709440934E+02    0.164289493362908168E+02   -0.718541098364575646E+03
    0.497391953292991786E+02    0.463327669342066599E+02    0.106179106709440934E+02    0.164289493362908168E+02   -0.718541098364575646E+03
    0.469807328688333712E+02    0.494743257051143530E+02    0.135620486138428582E+02    0.149810031813443310E+02   -0.718540290376808343E+03
    0.469807328688333712E+02    0.494743257051143530E+02    0.135620486138428582E+02    0.149810031813443310E+02   -0.718540290376808343E+03
    0.513830014356767606E+02    0.479959097470818676E+02    0.186619100968643927E+02    0.188850134059812937E+02   -0.718529706697468896E+03
    0.513830014356767606E+02    0.479959097470818676E+02    0.186619100968643927E+02    0.188850134059812937E+02   -0.718529706697468896E+03
    0.470033775622277972E+02    0.492183237224649872E+02    0.135227485556612876E+02    0.197088896931806268E+02   -0.718524003022534203E+03
    0.492566226556672575E+02    0.501746197864500232E+02    0.169232402110056519E+02    0.205696991965821105E+02   -0.718522664177170896E+03
    0.522783674958774611E+02    0.470950298392578190E+02    0.163256021807008267E+02    0.139440107677283915E+02   -0.718517266847077849E+03
    0.514489209116934489E+02    0.493707018590571067E+02    0.183499222903969788E+02    0.153759046436294966E+02   -0.718515996862585439E+03
    0.492598184745889114E+02    0.493879541938947568E+02    0.106633673130398474E+02    0.184834601565296524E+02   -0.718489362916631649E+03
    0.470278041185092945E+02    0.510439112460013860E+02    0.152791936349428941E+02    0.184769392315628309E+02   -0.718486748450500386E+03
    0.470278041185092945E+02    0.510439112460013860E+02    0.152791936349428941E+02    0.184769392315628309E+02   -0.718486748450500386E+03
    0.495028351559977011E+02    0.455437692015889013E+02    0.115629321807630490E+02    0.193168611751330559E+02   -0.718482569115462411E+03
    0.533075774139884402E+02    0.510208363442032748E+02    0.146896694119621589E+02    0.156520397511170710E+02   -0.718475819493348695E+03
    0.533075774139884402E+02    0.510208363442032748E+02    0.146896694119621589E+02    0.156520397511170710E+02   -0.718475819493348695E+03
    0.471393598604281863E+02    0.501311988232883436E+02    0.170414744717349684E+02    0.163716100419276493E+02   -0.718474730646513763E+03
    0.486297407526347740E+02    0.504193753819181723E+02    0.116306172941841073E+02    0.156431983505369470E+02   -0.718455069952324038E+03
    0.486297407526347740E+02    0.504193753819181723E+02    0.116306172941841073E+02    0.156431983505369470E+02   -0.718455069952324038E+03
    0.470584262738277346E+02    0.470195419118805660E+02    0.174109643090558137E+02    0.178766064988317623E+02   -0.718448862043873419E+03
    0.480628222906218525E+02    0.519167347566196895E+02    0.133295143477229523E+02    0.180519422654575550E+02   -0.718448115843032951E+03
    0.517181499875211159E+02    0.475604699769836543E+02    0.141203315035360255E+02    0.215550319302760052E+02   -0.718446554256750801E+03
    0.521539000078053903E+02    0.468116269999360952E+02    0.143348485038984315E+02    0.136946082179622408E+02   -0.718444972540295225E+03
    0.521539000078053903E+02    0.468116269999360952E+02    0.143348485038984315E+02    0.136946082179622408E+02   -0.718444972540295225E+03
    0.506498785295284790E+02    0.499314716768753897E+02    0.105663551529011634E+02    0.168220316930650320E+02   -0.718431943506833477E+03
    0.465384697923636281E+02    0.481903904459855994E+02    0.168145590154064628E+02    0.163324663978254421E+02   -0.718425669545909841E+03
    0.465384697923636281E+02    0.481903904459855994E+02    0.168145590154064628E+02    0.163324663978254421E+02   -0.718425669545909841E+03
    0.505936233381530087E+02    0.480571337730545736E+02    0.185803342772262994E+02    0.190320538576471563E+02   -0.718423399287762550E+03
    0.529336520755793174E+02    0.518602961142315166E+02    0.148441169520432190E+02    0.171902268964273901E+02   -0.718412450094555652E+03
    0.501899299050381558E+02    0.522342087425188595E+02    0.124306781620122244E+02    0.168960166618371233E+02   -0.718412407833085695E+03
    0.501899299050381558E+02    0.522342087425188595E+02    0.124306781620122244E+02    0.168960166618371233E+02   -0.718412407833085695E+03
    0.531964013965852018E+02    0.479185941221595044E+02    0.131949016760384339E+02    0.199812387528518123E+02   -0.718367783915879500E+03
    0.523897303847788862E+02    0.468965268743543788E+02    0.122634201620513874E+02    0.198905240749480541E+02   -0.718359583103848536E+03
    0.523897303847788862E+02    0.468965268743543788E+02    0.122634201620513874E+02    0.198905240749480541E+02   -0.718359583103848536E+03
    0.505297151201144743E+02    0.493123491845482249E+02    0.152748846923139752E+02    0.215766623196784337E+02   -0.718350601684667254E+03
    0.536727139978635250E+02    0.467650028540469975E+02    0.132820135391857193E+02    0.186339394229369510E+02   -0.718322997045292823E+03
    0.479881652204971942E+02    0.504832477191805822E+02    0.133272000524216807E+02    0.149798200607846699E+02   -0.718302033676487781E+03
    0.489724310257219031E+02    0.486359866328044177E+02    0.179327569686775590E+02    0.194632380243700602E+02   -0.718298145635107517E+03
    0.505009638958841549E+02    0.490142690011911384E+02    0.117814419983153886E+02    0.142274756351563294E+02   -0.718289512982162705E+03
    0.498183973059429945E+02    0.521150334282961012E+02    0.164077181558431597E+02    0.168430734681428582E+02   -0.718285989807377064E+03
    0.513464760357473438E+02    0.493511843206586605E+02    0.131223549620007329E+02    0.211208080607545163E+02   -0.718280177335019857E+03
    0.513464760357473438E+02    0.493511843206586605E+02    0.131223549620007329E+02    0.211208080607545163E+02   -0.718280177335019857E+03
    0.495804383985584707E+02    0.455854088942272142E+02    0.114858191084903023E+02    0.185908473451817784E+02   -0.718270521247313468E+03
    0.539214149294901972E+02    0.462239521782823033E+02    0.150291484598166836E+02    0.179671258703168526E+02   -0.718265288871221173E+03
    0.499598281913426945E+02    0.447037952594122032E+02    0.124604373527452719E+02    0.191182371861886082E+02   -0.718264317438729790E+03
    0.471973289172345858E+02    0.503241093759633031E+02    0.162655868547883209E+02    0.184638867734071894E+02   -0.718260260242930372E+03
    0.509623424552729034E+02    0.498123644629247622E+02    0.133957813023517733E+02    0.211516471266768242E+02   -0.718238007856942772E+03
    0.487369900067759829E+02    0.512739393677061344E+02    0.159743188442973096E+02    0.154312813644940583E+02   -0.718217326468479996E+03
    0.488691598505841398E+02    0.476971991178256758E+02    0.108543977899984938E+02    0.173333615554447036E+02   -0.718196180447254733E+03
    0.488691598505841398E+02    0.476971991178256758E+02    0.108543977899984938E+02    0.173333615554447036E+02   -0.718196180447254733E+03
    0.532492109443299455E+02    0.453547627964640014E+02    0.152067099555126788E+02    0.180836540174743767E+02   -0.718193296109243647E+03
    0.494148683845069741E+02    0.470991484810350869E+02    0.118110636424735596E+02    0.200197716733973792E+02   -0.718180151634962044E+03
    0.475851260258679645E+02    0.504328301122893095E+02    0.135867475269983213E+02    0.191874080342394642E+02   -0.718175349990814198E+03
    0.496945232878951799E+02    0.452920693985356593E+02    0.164948897701165791E+02    0.153385905337286701E+02   -0.718158557404804014E+03
    0.479885579747391091E+02    0.505708876918488954E+02    0.170840167085050467E+02    0.169906717035782222E+02   -0.718140559170256552E+03
    0.479885579747391091E+02    0.505708876918488954E+02    0.170840167085050467E+02    0.169906717035782222E+02   -0.718140559170256552E+03
    0.497547777664946977E+02    0.482968518471193988E+02    0.108188029716370711E+02    0.185078348059678710E+02   -0.718123458638423813E+03
    0.497547777664946977E+02    0.482968518471193988E+02    0.108188029716370711E+02    0.185078348059678710E+02   -0.718123458638423813E+03
    0.487986382224015358E+02    0.468784461572119824E+02    0.125671109982539395E+02    0.202142073769602781E+02   -0.718120169671996791E+03
    0.472937686213054462E+02    0.472982982117160020E+02    0.139859110153641826E+02    0.195713145047970158E+02   -0.718115328827860822E+03
    0.472937686213054462E+02    0.472982982117160020E+02    0.139859110153641826E+02    0.195713145047970158E+02   -0.718115328827860822E+03
    0.520482584958128598E+02    0.515290669077658379E+02    0.149074254202382956E+02    0.157170148708806963E+02   -0.718114555002239058E+03
    0.505713017113327226E+02    0.523574127157984037E+02    0.147629637000997569E+02    0.166950705807498245E+02   -0.718095549129275810E+03
    0.531987852551824290E+02    0.456324273762070618E+02    0.157456497615407915E+02    0.171653699359684744E+02   -0.718060748658047032E+03
    0.527850570928205798E+02    0.472021056744437146E+02    0.123185732005781468E+02    0.188117940019246781E+02   -0.718056641840889029E+03
    0.527850570928205798E+02    0.472021056744437146E+02    0.123185732005781468E+02    0.188117940019246781E+02   -0.718056641840889029E+03
    0.490109887483679074E+02    0.476443702706375802E+02    0.182349313136445517E+02    0.164646925480181956E+02   -0.718044538491646108E+03
    0.491738255073245512E+02    0.490734667045288973E+02    0.111350576054520012E+02    0.183752622723491115E+02   -0.718036070015868631E+03
    0.491738255073245512E+02    0.490734667045288973E+02    0.111350576054520012E+02    0.183752622723491115E+02   -0.718036070015868631E+03
    0.524838308037693650E+02    0.454677442907066052E+02    0.129559008107672202E+02    0.183630504342731271E+02   -0.718033839523261122E+03
    0.500841825328186019E+02    0.487899210907477254E+02    0.166292164224457331E+02    0.140944248068664564E+02   -0.718026198955133509E+03
    0.500841825328186019E+02    0.487899210907477254E+02    0.166292164224457331E+02    0.140944248068664564E+02   -0.718026198955133509E+03
    0.500021370182965654E+02    0.499836310741641796E+02    0.172275483112548642E+02    0.196215281046113468E+02   -0.718020472032684552E+03
    0.507091362456899901E+02    0.490040464705537033E+02    0.108798338696008354E+02    0.181412592293921762E+02   -0.718016346380047935E+03
    0.487382565767477161E+02    0.463791249337873523E+02    0.115592924578108800E+02    0.170306118655432321E+02   -0.718005984959855937E+03
    0.479860715084957121E+02    0.514735651954517550E+02    0.141962573371566627E+02    0.175782526061367683E+02   -0.718005238281072138E+03
    0.479860715084957121E+02    0.514735651954517550E+02    0.141962573371566627E+02    0.175782526061367683E+02   -0.718005238281072138E+03
    0.487501859354603653E+02    0.473282112828541415E+02    0.179219765711585026E+02    0.182650689695183885E+02   -0.718002600687573477E+03
    0.487501859354603653E+02    0.473282112828541415E+02    0.179219765711585026E+02    0.182650689695183885E+02   -0.718002600687573477E+03
    0.478642607262717092E+02    0.453501674518662128E+02    0.158764388568524204E+02    0.171039099984392209E+02   -0.718001044462951540E+03
    0.478642607262717092E+02    0.453501674518662128E+02    0.158764388568524204E+02    0.171039099984392209E+02   -0.718001044462951540E+03
    0.537591788498226606E+02    0.469686001378205731E+02    0.159886019594335522E+02    0.170091795266586310E+02   -0.717998210395039905E+03
    0.532114380127597713E+02    0.489246513771718696E+02    0.166753480523437148E+02    0.157432465165299398E+02   -0.717995687816684722E+03
    0.504473148201136610E+02    0.495325931098515753E+02    0.112902211965872077E+02    0.189620497547868148E+02   -0.717994091598384443E+03
    0.512959549447638210E+02    0.465865097787747402E+02    0.143352375736517530E+02    0.140066229448489032E+02   -0.717983601636510912E+03
    0.512959549447638210E+02    0.465865097787747402E+02    0.143352375736517530E+02    0.140066229448489032E+02   -0.717983601636510912E+03
    0.499899229383176475E+02    0.454400298952883190E+02    0.126047849447608993E+02    0.195737709854555924E+02   -0.717979218719467895E+03
    0.479806022289919554E+02    0.510425371420565170E+02    0.145921492247520987E+02    0.189332385231538787E+02   -0.717978696732419166E+03
    0.479806022289919554E+02    0.510425371420565170E+02    0.145921492247520987E+02    0.189332385231538787E+02   -0.717978696732419166E+03
    0.503731757614538367E+02    0.473322900383635101E+02    0.171425953213253557E+02    0.200092659885507835E+02   -0.717970985564132548E+03
    0.509111695953808692E+02    0.461270631398530497E+02    0.144615729877055497E+02    0.141973010435611560E+02   -0.717964167566323113E+03
    0.520901923532009050E+02    0.454187776727325740E+02    0.132897192974935479E+02    0.191342863563527743E+02   -0.717960225917278080E+03
    0.505524060284086545E+02    0.503361407523228763E+02    0.166080254266236622E+02    0.148942261172845711E+02   -0.717957303889811442E+03
    0.508497762002621414E+02    0.504180141078296629E+02    0.114460951848786561E+02    0.179337377840873273E+02   -0.717945674624420462E+03
    0.493444645623499127E+02    0.449686962278140641E+02    0.124752747791739811E+02    0.176888921277756808E+02   -0.717942321109090130E+03
    0.503912259677554459E+02    0.468419110248399875E+02    0.127682415290304174E+02    0.205229581305712863E+02   -0.717926241328241986E+03
    0.503912259677554459E+02    0.468419110248399875E+02    0.127682415290304174E+02    0.205229581305712863E+02   -0.717926241328241986E+03
    0.468597336320058275E+02    0.483218064040952129E+02    0.160986360231560539E+02    0.167364699727530351E+02   -0.717900307516143471E+03
    0.468597336320058275E+02    0.483218064040952129E+02    0.160986360231560539E+02    0.167364699727530351E+02   -0.717900307516143471E+03
    0.481343094374810789E+02    0.491508083461322371E+02    0.130063501475601253E+02    0.149147039782874096E+02   -0.717890542834425901E+03
    0.514929898409911289E+02    0.501296498068440144E+02    0.118052262535510568E+02    0.185286550223286319E+02   -0.717867271909814917E+03
    0.492284762460607794E+02    0.506003501735939096E+02    0.166248464165003789E+02    0.155875828027427819E+02   -0.717863211417588900E+03
    0.492284762460607794E+02    0.506003501735939096E+02    0.166248464165003789E+02    0.155875828027427819E+02   -0.717863211417588900E+03
    0.483152915539927790E+02    0.456959043323676042E+02    0.162547517549767910E+02    0.184476401034687747E+02   -0.717843535180814342E+03
    0.471218561939020617E+02    0.483541801351589129E+02    0.145745941350295567E+02    0.189102093033232883E+02   -0.717834195365837786E+03
    0.471218561939020617E+02    0.483541801351589129E+02    0.145745941350295567E+02    0.189102093033232883E+02   -0.717834195365837786E+03
    0.530054454615281259E+02    0.467088124568045089E+02    0.167084100522699437E+02    0.171011467125997214E+02   -0.717830948667030384E+03
    0.510310992094856601E+02    0.474674610470505911E+02    0.179901812301857866E+02    0.181479748745894192E+02   -0.717826255134886878E+03
    0.495260999415544063E+02    0.478931888585581191E+02    0.147871411337747070E+02    0.209286056151220343E+02   -0.717806590947514678E+03
    0.494776400479783831E+02    0.508638885213386800E+02    0.125395905348141561E+02    0.158501607593238578E+02   -0.717800340065264436E+03
    0.494776400479783831E+02    0.508638885213386800E+02    0.125395905348141561E+02    0.158501607593238578E+02   -0.717800340065264436E+03
    0.514568546310126180E+02    0.449283389302655678E+02    0.139144733990118770E+02    0.161118540379958475E+02   -0.717793581851535691E+03
    0.515585318913848312E+02    0.465620110287773628E+02    0.129992017185850468E+02    0.147554498505546334E+02   -0.717791339666234080E+03
    0.523942215339266681E+02    0.491831012068008704E+02    0.121718883402594500E+02    0.184171602013312388E+02   -0.717777498336214649E+03
    0.503161481177264989E+02    0.511789835822132773E+02    0.167811150120733572E+02    0.171135279959639739E+02   -0.717768186616874914E+03
    0.534864511825639681E+02    0.492402922089446236E+02    0.137318869856228574E+02    0.166624910257127965E+02   -0.717763253427991117E+03
    0.534864511825639681E+02    0.492402922089446236E+02    0.137318869856228574E+02    0.166624910257127965E+02   -0.717763253427991117E+03
    0.527836537443285465E+02    0.456741340507352049E+02    0.153775117818808180E+02    0.168675687883522514E+02   -0.717757307596962846E+03
    0.526377297735774619E+02    0.479253110669532987E+02    0.132244143334633186E+02    0.150193982493435367E+02   -0.717753262517949793E+03
    0.525703504691693411E+02    0.497274368941547493E+02    0.165436279269239890E+02    0.186212927396173349E+02   -0.717741600281092929E+03
    0.525703504691693411E+02    0.497274368941547493E+02    0.165436279269239890E+02    0.186212927396173349E+02   -0.717741600281092929E+03
    0.499292363104944457E+02    0.506558119925350923E+02    0.119821191608789839E+02    0.182850618366500548E+02   -0.717738852491741682E+03
    0.521638096935595001E+02    0.499463915002945953E+02    0.121395482479016010E+02    0.172810174072896139E+02   -0.717716562948496744E+03
    0.521638096935595001E+02    0.499463915002945953E+02    0.121395482479016010E+02    0.172810174072896139E+02   -0.717716562948496744E+03
    0.484499141479655577E+02    0.473565709571224431E+02    0.118260301634686478E+02    0.168546501972335179E+02   -0.717716483608897306E+03
    0.477235582535054164E+02    0.487744339786738124E+02    0.158965062880749741E+02    0.153187937294532244E+02   -0.717713114455992581E+03
    0.477235582535054164E+02    0.487744339786738124E+02    0.158965062880749741E+02    0.153187937294532244E+02   -0.717713114455992581E+03
    0.523093947368707006E+02    0.504405066655849055E+02    0.132378593702069107E+02    0.159288281596690506E+02   -0.717711173233600562E+03
    0.497523695950940237E+02    0.510666293953434263E+02    0.122882772369210702E+02    0.172889511193903154E+02   -0.717710273586400263E+03
    0.491033840327039570E+02    0.479231203982478462E+02    0.124227498893161634E+02    0.197735393720168169E+02   -0.717707471922273612E+03
    0.517971115702450504E+02    0.469645978832313915E+02    0.117871685054629882E+02    0.164635342729170979E+02   -0.717696946786776493E+03
    0.519057343753225666E+02    0.492818476442759561E+02    0.123207478056885193E+02    0.191082779952722213E+02   -0.717692111477401340E+03
    0.477645135724207250E+02    0.487099952193386798E+02    0.129396080758747640E+02    0.186087081504957226E+02   -0.717680676562636108E+03
    0.530199336460864288E+02    0.490091939277298536E+02    0.157312012972512658E+02    0.155466869586223631E+02   -0.717676418756465182E+03
    0.530199336460864288E+02    0.490091939277298536E+02    0.157312012972512658E+02    0.155466869586223631E+02   -0.717676418756465182E+03
    0.523567423331319901E+02    0.467235342516033825E+02    0.123903319683140900E+02    0.164968396381838076E+02   -0.717674426194832449E+03
    0.508002950685063581E+02    0.510423921570090329E+02    0.134923367064281976E+02    0.155048934050531280E+02   -0.717664091522540502E+03
    0.488904933777264716E+02    0.481060807410878226E+02    0.146984835299364072E+02    0.204709645947873398E+02   -0.717658043790179931E+03
    0.488904933777264716E+02    0.481060807410878226E+02    0.146984835299364072E+02    0.204709645947873398E+02   -0.717658043790179931E+03
    0.489261873636445728E+02    0.469189239361514581E+02    0.135709911803939001E+02    0.146080478295669156E+02   -0.717648746551355430E+03
    0.490496830173239005E+02    0.462226771487110000E+02    0.121382906343159664E+02    0.164760624123195889E+02   -0.717647573438479753E+03
    0.499114578671527056E+02    0.477860942277346226E+02    0.139908763893488324E+02    0.139773076921505925E+02   -0.717641374052188326E+03
    0.526896113364319945E+02    0.503389291037529460E+02    0.157478631850213180E+02    0.164823952953339941E+02   -0.717636349204331623E+03
    0.530037083142665608E+02    0.485657793903772586E+02    0.165978112192611604E+02    0.164791072647977543E+02   -0.717629306411100856E+03
    0.494169306326045614E+02    0.453599107769877889E+02    0.146431449440438897E+02    0.193837090319212031E+02   -0.717629051721339692E+03
    0.528919539640881737E+02    0.467571841488708060E+02    0.137483822955893995E+02    0.159148432239156961E+02   -0.717620146600060252E+03
    0.503701014357618249E+02    0.480783418867470118E+02    0.112576438696968975E+02    0.163587021960802232E+02   -0.717619398321294398E+03
    0.516028572962588896E+02    0.512703570671314708E+02    0.156550337919874814E+02    0.181099186107564449E+02   -0.717618566137141215E+03
    0.508969774758063807E+02    0.492050810438937276E+02    0.137743440353169913E+02    0.205115404641475472E+02   -0.717612947092874379E+03
    0.475914673507452903E+02    0.474054814519738841E+02    0.163144188940053354E+02    0.164378450737214514E+02   -0.717607724429174823E+03
    0.503987897922642958E+02    0.457135802482935958E+02    0.153253246133218042E+02    0.197274287974921521E+02   -0.717605693814680990E+03
    0.498679824448971090E+02    0.453811827908789382E+02    0.137738817299941445E+02    0.193855911629633084E+02   -0.717600480600084552E+03
    0.516471046788228705E+02    0.449703295621942800E+02    0.142472888873962358E+02    0.170447659321951335E+02   -0.717596869901891637E+03
    0.488674862350673038E+02    0.456728070436358848E+02    0.133361573356114675E+02    0.159908847660581497E+02   -0.717594693938656860E+03
    0.533308076388324537E+02    0.495502406397065727E+02    0.144467661328841093E+02    0.168409403627267587E+02   -0.717589922602417460E+03
    0.497079953963255150E+02    0.502423531104265919E+02    0.128880920571274746E+02    0.151913246171009284E+02   -0.717586362989392114E+03
    0.507035987564419486E+02    0.455790622893005946E+02    0.128425633197774705E+02    0.159164169564641007E+02   -0.717584115425662389E+03
    0.507004039335793664E+02    0.454502264142229535E+02    0.124542974510884257E+02    0.176362088556900289E+02   -0.717574944063468479E+03
    0.498424129713578736E+02    0.507466374514666825E+02    0.148198518744258578E+02    0.151502346679725139E+02   -0.717571317355441465E+03
    0.509830225401786663E+02    0.505682113864359337E+02    0.130802863495219412E+02    0.193423633619859814E+02   -0.717562960140544533E+03
    0.517139358589836604E+02    0.487200203319751211E+02    0.162130576536015134E+02    0.148465850675326756E+02   -0.717547037806781304E+03
    0.519437765201350317E+02    0.504625238543731598E+02    0.138535483908554706E+02    0.191387873523024119E+02   -0.717532477162022701E+03
    0.473991946013647976E+02    0.472412458859186586E+02    0.137873473228032761E+02    0.172437739713488511E+02   -0.717523369791255845E+03
    0.473991946013647976E+02    0.472412458859186586E+02    0.137873473228032761E+02    0.172437739713488511E+02   -0.717523369791255845E+03
    0.489378999259611192E+02    0.511221024591791320E+02    0.155260731993800913E+02    0.179974895981950844E+02   -0.717519762170154877E+03
    0.531932164927358997E+02    0.468411732185131768E+02    0.152719396936760745E+02    0.170675685030046438E+02   -0.717518901267121350E+03
    0.494247739517976186E+02    0.459090623921257759E+02    0.161841875036384835E+02    0.158601758056676001E+02   -0.717515795517676452E+03
    0.518797290533304363E+02    0.452407218696981772E+02    0.142438281884148363E+02    0.170652342346550441E+02   -0.717510522312580633E+03
    0.481150395605968129E+02    0.495158951269125112E+02    0.130238266692882299E+02    0.160962391571676449E+02   -0.717507199117059372E+03
    0.514916143780077107E+02    0.503933300169050824E+02    0.123730238200605918E+02    0.176123149594963451E+02   -0.717496662645685774E+03
    0.494440260078595770E+02    0.494957264183630343E+02    0.117416965899481873E+02    0.177270523960557220E+02   -0.717493450027594804E+03
    0.488971101560711077E+02    0.498146500682268538E+02    0.169098737320869041E+02    0.164867942819474251E+02   -0.717492195761408425E+03
    0.482058465959468663E+02    0.498711131295878829E+02    0.137954570117323723E+02    0.188935518743536548E+02   -0.717477606337718498E+03
    0.502289034643431194E+02    0.512766256694684159E+02    0.142022634095080953E+02    0.189083674751098343E+02   -0.717472831223971411E+03
    0.527739215276896800E+02    0.485710484826511220E+02    0.128801708468834608E+02    0.178011255543634412E+02   -0.717464835455928778E+03
    0.505986341266811337E+02    0.498746928923901862E+02    0.150109606872882235E+02    0.146405397773827435E+02   -0.717463007457508070E+03
    0.477049262795448783E+02    0.479483970999685312E+02    0.159297508005287298E+02    0.183952024820780586E+02   -0.717462804425306103E+03
    0.512338189881444634E+02    0.478254523122555781E+02    0.158946552172040736E+02    0.146051027565396385E+02   -0.717461091418871206E+03
    0.494787322741026969E+02    0.506099558739356610E+02    0.139208739959483943E+02    0.194344006442552484E+02   -0.717460711781651526E+03
    0.504188571984769283E+02    0.508971870655789473E+02    0.137178854615883221E+02    0.156151638557722148E+02   -0.717459904418406040E+03
    0.475194876761049727E+02    0.493517988746217213E+02    0.149068304047364268E+02    0.164188659174263485E+02   -0.717445239793322799E+03
    0.520961295359917642E+02    0.481012249144831685E+02    0.128864153143382580E+02    0.191420710957506373E+02   -0.717438869513979739E+03
    0.519501385311800448E+02    0.471389793419585317E+02    0.167402305971811707E+02    0.183988217109957333E+02   -0.717430614523856093E+03
    0.529049477033673554E+02    0.489501974713129755E+02    0.154866451010640898E+02    0.159094766396657405E+02   -0.717430342615402651E+03
    0.494226225087345483E+02    0.456048168634756053E+02    0.158197277888177563E+02    0.163139117653960604E+02   -0.717422284237717008E+03
    0.499587786097668811E+02    0.494693346947617272E+02    0.118909729716565291E+02    0.161559778273724142E+02   -0.717409413322865930E+03
    0.513923509777058598E+02    0.480331957945071224E+02    0.120020110299449971E+02    0.158986154784384706E+02   -0.717396543551672949E+03
    0.521175878439754285E+02    0.491770034452033542E+02    0.123972764294401312E+02    0.166209074784905191E+02   -0.717396339225759561E+03
    0.509178603201894191E+02    0.480552325927257300E+02    0.131095185056991941E+02    0.199784197547141531E+02   -0.717392365218829127E+03
    0.524953793008199909E+02    0.461451046628791630E+02    0.150132638558695444E+02    0.165821492244652831E+02   -0.717389526210290228E+03
    0.532649724798844204E+02    0.480292987915177321E+02    0.148306942589375037E+02    0.177100176945491832E+02   -0.717382889124919643E+03
    0.532047209614514713E+02    0.486570318466177412E+02    0.152409704683180696E+02    0.176649555000440941E+02   -0.717378859472039835E+03
    0.482657550287933930E+02    0.504516307500168182E+02    0.140190588340928262E+02    0.178323909221946622E+02   -0.717378029613628200E+03
    0.481162518338196890E+02    0.485798165874995789E+02    0.135777307565831205E+02    0.155525482649165507E+02   -0.717349687558625078E+03
    0.483011332079800582E+02    0.474420192958241387E+02    0.164322968983358955E+02    0.162301569166774584E+02   -0.717343858588960757E+03
    0.506918338302289158E+02    0.500964944761368827E+02    0.143913602921150829E+02    0.197932291168233228E+02   -0.717343418205625767E+03
    0.516206827962824661E+02    0.478041886432810941E+02    0.126734406332496352E+02    0.153526181807177586E+02   -0.717342875056043113E+03
    0.504602037778944066E+02    0.509146962714352469E+02    0.158217896914016940E+02    0.183155809430124954E+02   -0.717340808508782857E+03
    0.485495982678469886E+02    0.481895737144783709E+02    0.146554256396434219E+02    0.148811185771790271E+02   -0.717329300665615051E+03
    0.510402080804499576E+02    0.460663353600000960E+02    0.134571381244142767E+02    0.191418309385865939E+02   -0.717322221642785621E+03
    0.503749118601885755E+02    0.513089784726371931E+02    0.143877214350662985E+02    0.167766444712769669E+02   -0.717314375751688203E+03
    0.502389545697086248E+02    0.460822666309221063E+02    0.163193624621447491E+02    0.184551928425985317E+02   -0.717302195357361711E+03
    0.527044638232525529E+02    0.485419326630185992E+02    0.139229633831885966E+02    0.186112175583335961E+02   -0.717292080020161620E+03
    0.522897779678352208E+02    0.462340952304562620E+02    0.139039191591110267E+02    0.179097285340466890E+02   -0.717275878478724962E+03
    0.498281476620449837E+02    0.476122139535135318E+02    0.118494760971590409E+02    0.179405168249006763E+02   -0.717268199889719199E+03
    0.522259309996197203E+02    0.485017046272730852E+02    0.163316549182788684E+02    0.183903901417986546E+02   -0.717262367751421493E+03
    0.499307895612796528E+02    0.474950253613504287E+02    0.118106993264281641E+02    0.175792191170525349E+02   -0.717250826446505471E+03
    0.518739017761430716E+02    0.491182608275161385E+02    0.162084483726705386E+02    0.186916984078525061E+02   -0.717240344334859969E+03
    0.519202828592892729E+02    0.494411820711019914E+02    0.146561347128296084E+02    0.192812109271801262E+02   -0.717228603311284246E+03
    0.498077379999849654E+02    0.467750713954830815E+02    0.166897563951079988E+02    0.162107495552842842E+02   -0.717228199286241988E+03
    0.501694432664500880E+02    0.492602693200597628E+02    0.120118175082004868E+02    0.179885207855547584E+02   -0.717214526106992821E+03
    0.499872442621800417E+02    0.485621993524628124E+02    0.131480988309498077E+02    0.148430413532862495E+02   -0.717212189384599810E+03
    0.517110922004613940E+02    0.502476374075953345E+02    0.148027486708736760E+02    0.159006110185309915E+02   -0.717202222974609526E+03
    0.497853784771749588E+02    0.485133224350248895E+02    0.119882220837789450E+02    0.170182178672219635E+02   -0.717106717998216823E+03
    0.498289766096652329E+02    0.490036597026274876E+02    0.160886622319089447E+02    0.179014200549784910E+02   -0.716776906225399216E+03
    0.485681700688039655E+02    0.487799085535977497E+02    0.144011226270481316E+02    0.160690794021752730E+02   -0.716880144316217866E+03
    0.512622715227480512E+02    0.475952714649172606E+02    0.135971856130199047E+02    0.185683706777435020E+02   -0.716784851069619549E+03
    0.496975539689974539E+02    0.491429039566168342E+02    0.135171620270008042E+02    0.159140109700223498E+02   -0.716771823193416935E+03
    0.507473383673070657E+02    0.483579528364905116E+02    0.122933096057134765E+02    0.163109213694841699E+02   -0.717004278088195065E+03
    0.518962279839507516E+02    0.498450362744981419E+02    0.137653452300239110E+02    0.181207710491950245E+02   -0.717042480977750984E+03
    0.488110232303343423E+02    0.472188285403447026E+02    0.159554706580669752E+02    0.185904897873108297E+02   -0.717129603663776606E+03
    0.494796372198874224E+02    0.504219153665665374E+02    0.137753090483561156E+02    0.182859103228914464E+02   -0.717053077907830925E+03
    0.497993053341425309E+02    0.493534645036036750E+02    0.141837999163005808E+02    0.157320190255336865E+02   -0.716768764122196785E+03
    0.487538390032676716E+02    0.475289940637108828E+02    0.150483015295806322E+02    0.163305969816038754E+02   -0.716794097912608436E+03
    0.511788681987800942E+02    0.455588846119546247E+02    0.145567585663485168E+02    0.176132572995162064E+02   -0.717126242610244731E+03
    0.505661497721307001E+02    0.467624590180069220E+02    0.143854597992773190E+02    0.159405996089447015E+02   -0.716760339955259838E+03
    0.505661497721307001E+02    0.467624590180069220E+02    0.143854597992773190E+02    0.159405996089447015E+02   -0.716760339955259838E+03
    0.520379784172017992E+02    0.467067109861554286E+02    0.144865719140524689E+02    0.183426131957949785E+02   -0.717044721797195393E+03
    0.494869781769448878E+02    0.494054552257313162E+02    0.146698754218863918E+02    0.174902680767314855E+02   -0.716580765413361064E+03
    0.505523314462995472E+02    0.481606877914258575E+02    0.129722140156805210E+02    0.156572287806433312E+02   -0.716878363844104456E+03
    0.504331688917608858E+02    0.470698856884048666E+02    0.149654731498246552E+02    0.165611907732776231E+02   -0.716561864303024208E+03
    0.502692864889088185E+02    0.495641097590426511E+02    0.167607085664445599E+02    0.167037477517125552E+02   -0.717118443402228536E+03
    0.492704235305169504E+02    0.486120444776743454E+02    0.144745003168668411E+02    0.188622157281337373E+02   -0.716787693095406439E+03
    0.487700932421963671E+02    0.466180889226902764E+02    0.148450337948890390E+02    0.170539344806533499E+02   -0.716892308749387780E+03
    0.487700932421963671E+02    0.466180889226902764E+02    0.148450337948890390E+02    0.170539344806533499E+02   -0.716892308749387780E+03
    0.516302721974833787E+02    0.494213886600271906E+02    0.139286794782854493E+02    0.173419454510360183E+02   -0.716732749522714926E+03
    0.516302721974833787E+02    0.494213886600271906E+02    0.139286794782854493E+02    0.173419454510360183E+02   -0.716732749522714926E+03
    0.498573451775927197E+02    0.482411516306864030E+02    0.154863139960365661E+02    0.188976331418481358E+02   -0.716798951710528740E+03
    0.505296421664431818E+02    0.465754965304069231E+02    0.150086357856554855E+02    0.170828843113510871E+02   -0.716658470180576273E+03
    0.505296421664431818E+02    0.465754965304069231E+02    0.150086357856554855E+02    0.170828843113510871E+02   -0.716658470180576273E+03
    0.493204346834477576E+02    0.494243458564772311E+02    0.154412350873991411E+02    0.156856476077053895E+02   -0.716975191986098707E+03
    0.498051815864528464E+02    0.489970968790672430E+02    0.165109398203043654E+02    0.161366530627929059E+02   -0.717013224074917616E+03
    0.487560832955472563E+02    0.477543921710430652E+02    0.135889337747301457E+02    0.155081905789964463E+02   -0.717080792168973630E+03
    0.489672538095761070E+02    0.488160117702244065E+02    0.146947667414195209E+02    0.154012325780313759E+02   -0.716969046523781003E+03
    0.500213918653187193E+02    0.458826611320290283E+02    0.139715867412581396E+02    0.179060422970190736E+02   -0.716951210933880816E+03
    0.510886243924582288E+02    0.471827708384007565E+02    0.130309661863324546E+02    0.158834282210227045E+02   -0.716966651052782481E+03
    0.498492413853780931E+02    0.486176183692769257E+02    0.132593407736407158E+02    0.170720769323647517E+02   -0.716561698526219971E+03
    0.508511922701480046E+02    0.489664096219507599E+02    0.128321912986716651E+02    0.186693174257563435E+02   -0.716972907079900665E+03
    0.491654402915635558E+02    0.499173794582179369E+02    0.146661345307602460E+02    0.156248396628476698E+02   -0.717092306848665999E+03
    0.503849627471772976E+02    0.492813015795292699E+02    0.157678689604714517E+02    0.193212841733314598E+02   -0.717103386539597068E+03
    0.491827293478272338E+02    0.484270763879807475E+02    0.133401636015860401E+02    0.150485808676546888E+02   -0.717186580606734196E+03
    0.511078516459824073E+02    0.484729745914419823E+02    0.148224746933636489E+02    0.184989400880127484E+02   -0.716629136908272812E+03
    0.511078516459824073E+02    0.484729745914419823E+02    0.148224746933636489E+02    0.184989400880127484E+02   -0.716629136908272812E+03
    0.492611999952673330E+02    0.492489781417928896E+02    0.153431216796207757E+02    0.169536279496406053E+02   -0.716670339082269493E+03
    0.488397238308977251E+02    0.500233219765965771E+02    0.156908252285844725E+02    0.167295746721430874E+02   -0.717094622265754765E+03
    0.498203488390373934E+02    0.476071690800243346E+02    0.158391665576716481E+02    0.176527717244162830E+02   -0.716647109167349640E+03
    0.514807656688713848E+02    0.461397153413123817E+02    0.132177816894938438E+02    0.181205019400699570E+02   -0.717186270605606182E+03
    0.514317505245517737E+02    0.470983607036051524E+02    0.126747458742532988E+02    0.163568728744090244E+02   -0.717084654939783150E+03
    0.500452968641671987E+02    0.490646537833296179E+02    0.122564377024244777E+02    0.183253579521294014E+02   -0.717122819787962953E+03
    0.492063060644252914E+02    0.460534673738722802E+02    0.158326811950426212E+02    0.169697717212111563E+02   -0.717153272301790253E+03
    0.502090897360458825E+02    0.461848370835645596E+02    0.158064250197517122E+02    0.169108801067135666E+02   -0.716968409904678083E+03
    0.491486621597119608E+02    0.479026331331580764E+02    0.156121221947586175E+02    0.171538679336072128E+02   -0.716655718463776111E+03
    0.491486621597119608E+02    0.479026331331580764E+02    0.156121221947586175E+02    0.171538679336072128E+02   -0.716655718463776111E+03
    0.501736680820218339E+02    0.498208487545317382E+02    0.146360648730561280E+02    0.154521857177455768E+02   -0.716978625446950218E+03
    0.508796356678127211E+02    0.477735862525374273E+02    0.135549129495237501E+02    0.157908376092087064E+02   -0.716726980613283786E+03
    0.484536823790407425E+02    0.497056552321966478E+02    0.143957526370951641E+02    0.174621288324238790E+02   -0.716972944813634058E+03
    0.513984426518415773E+02    0.490147909587083177E+02    0.133160804743015451E+02    0.191286963674779464E+02   -0.717091953871253622E+03
    0.513517779754962476E+02    0.468315714567301882E+02    0.128953317561720162E+02    0.180109935037460893E+02   -0.717020902560527702E+03
    0.501624094796474651E+02    0.493329091787634297E+02    0.141717366528120703E+02    0.174026140206349851E+02   -0.716489591219145382E+03
    0.501624094796474651E+02    0.493329091787634297E+02    0.141717366528120703E+02    0.174026140206349851E+02   -0.716489591219145382E+03
    0.508814844707237057E+02    0.487981303346886932E+02    0.125189647068748773E+02    0.168732838184346932E+02   -0.716870454268689173E+03
    0.496340813439806539E+02    0.495353906004700093E+02    0.147574410351889043E+02    0.187947286431855396E+02   -0.716837704122325590E+03
    0.504962343946264127E+02    0.480400028831482473E+02    0.160481952743687089E+02    0.168422742874897935E+02   -0.716646743180615999E+03
    0.504962343946264127E+02    0.480400028831482473E+02    0.160481952743687089E+02    0.168422742874897935E+02   -0.716646743180615999E+03
    0.521901833279237621E+02    0.477681721347402686E+02    0.153249928094477017E+02    0.168207207058377293E+02   -0.716855085614527411E+03
    0.504594984074836077E+02    0.483627682649074302E+02    0.154430078345608912E+02    0.171261141954867178E+02   -0.716466151776177185E+03
    0.504192105492926430E+02    0.482904384395693285E+02    0.142605168701137899E+02    0.174362543700109036E+02   -0.716369035421050398E+03
    0.504192105492926430E+02    0.482904384395693285E+02    0.142605168701137899E+02    0.174362543700109036E+02   -0.716369035421050398E+03
    0.500529255655775955E+02    0.460952524211477623E+02    0.143788704756512171E+02    0.192561729010538762E+02   -0.717185779184788430E+03
    0.504412325102624379E+02    0.487796063532720439E+02    0.130689666148842480E+02    0.185925691535213993E+02   -0.716812283118534651E+03
    0.515511086160063883E+02    0.464427392967934907E+02    0.148962063528775577E+02    0.190938833151282452E+02   -0.717193853080266763E+03
    0.503830610039134115E+02    0.503092244622949067E+02    0.161017473450419963E+02    0.164985926303811752E+02   -0.717135021733553458E+03
    0.502434734909112137E+02    0.482825881689905714E+02    0.141143098183470759E+02    0.199693007511985208E+02   -0.717147350993063924E+03
    0.510542260523914422E+02    0.485178014873326333E+02    0.136801734882089967E+02    0.189025623538433578E+02   -0.716804425250924737E+03
    0.484651560675189330E+02    0.493989934314875825E+02    0.158241877686828438E+02    0.161018107245552926E+02   -0.717190756063725189E+03
    0.494022084868297497E+02    0.476263276616854228E+02    0.121172069338049955E+02    0.169120101993331460E+02   -0.717140330085064534E+03
    0.515162016737715476E+02    0.502678611638083339E+02    0.142278857595771697E+02    0.185179650047868982E+02   -0.717085775127973420E+03
    0.513469740450972552E+02    0.476946332365975536E+02    0.154768087908272651E+02    0.186603604877402987E+02   -0.716836548233047665E+03
    0.499624040294146994E+02    0.507281716611467175E+02    0.145760653458000249E+02    0.179348007602264978E+02   -0.717006095596739897E+03
    0.493324503043841105E+02    0.507610558698464445E+02    0.139608361346344410E+02    0.167039014922207834E+02   -0.717162008267180681E+03
    0.498901242880409654E+02    0.461192452099712682E+02    0.151503259493565778E+02    0.188211077918882168E+02   -0.717090272757426533E+03
    0.498069914271165715E+02    0.478529295193732480E+02    0.128013058452844373E+02    0.170188821391063207E+02   -0.716717902419958023E+03
    0.496472776922314836E+02    0.457466697803975819E+02    0.144485175846759457E+02    0.177842892739922291E+02   -0.717013466544936591E+03
    0.487536329189691457E+02    0.500972989653907632E+02    0.145432430580607264E+02    0.166654286603201989E+02   -0.717014385027834237E+03
    0.495842742505922729E+02    0.503417186249017448E+02    0.151557166196503932E+02    0.163769484478457947E+02   -0.716994779000388235E+03
    0.487067996449106602E+02    0.493794929844162027E+02    0.156362384327123571E+02    0.170931481388541862E+02   -0.716911948031083625E+03
    0.514987967715533728E+02    0.484675729394897701E+02    0.161460470779325398E+02    0.165007899874337944E+02   -0.716862642621629448E+03
    0.494383481493327110E+02    0.483218833568587343E+02    0.124601778736671953E+02    0.166836158177710381E+02   -0.716941870987497850E+03
    0.496412569636315482E+02    0.480934434745055057E+02    0.147773675313947148E+02    0.151501639950957276E+02   -0.716896113743184060E+03
    0.522695281748166281E+02    0.492712052694191129E+02    0.145218173153118180E+02    0.157443262712268393E+02   -0.717144712051291663E+03
    0.514316169545178639E+02    0.499326782874856860E+02    0.160834798029700394E+02    0.179972917344823458E+02   -0.717105317184167120E+03
    0.501774354989500182E+02    0.486797441749876043E+02    0.132923099738102515E+02    0.148494121251460793E+02   -0.717167126336429988E+03
    0.486186360188834499E+02    0.462499891471403828E+02    0.148659780473110050E+02    0.173676330201138605E+02   -0.717070897241285479E+03
    0.504327269287781519E+02    0.463875028226988775E+02    0.143456316627940179E+02    0.175137142475463037E+02   -0.716688136189694205E+03
    0.504327269287781519E+02    0.463875028226988775E+02    0.143456316627940179E+02    0.175137142475463037E+02   -0.716688136189694205E+03
    0.512853207403560987E+02    0.494428462358069964E+02    0.163386260292701593E+02    0.178591110746149617E+02   -0.717014461542283470E+03
    0.513888587478603540E+02    0.491098643822158465E+02    0.144337434614381674E+02    0.155243323644226425E+02   -0.716886579055117863E+03
    0.488016150491320104E+02    0.484479893898829914E+02    0.164056230987706826E+02    0.180610647219976990E+02   -0.717078416613544164E+03
    0.487645847625935289E+02    0.499751197170611761E+02    0.144695779199972279E+02    0.169081242918616574E+02   -0.716940934261926600E+03
    0.497847429391481739E+02    0.474199889523794980E+02    0.145027128813745900E+02    0.164768486845621354E+02   -0.716508628421564026E+03
    0.497847429391481739E+02    0.474199889523794980E+02    0.145027128813745900E+02    0.164768486845621354E+02   -0.716508628421564026E+03
    0.514342040332180943E+02    0.487107417692564866E+02    0.163559654437189153E+02    0.188753359305413753E+02   -0.717184852228649561E+03
    0.488823565753957610E+02    0.478810063267676185E+02    0.134619937713603672E+02    0.184310868784584869E+02   -0.716895158401707704E+03
    0.481003208681399315E+02    0.490513059613890334E+02    0.159745605541401208E+02    0.169507673574404762E+02   -0.717186703237219945E+03
    0.499809589745896687E+02    0.479700300957005652E+02    0.167743590797441904E+02    0.181491938613125967E+02   -0.717037867806981808E+03
    0.498661409537589861E+02    0.490094151935687421E+02    0.150950982452161622E+02    0.188437555965731001E+02   -0.716762964935906780E+03
    0.495705235773273785E+02    0.500843548493344315E+02    0.156166357980425516E+02    0.163579339177885537E+02   -0.716987540794776919E+03
    0.514804182203712060E+02    0.469501988553694218E+02    0.142823150203640807E+02    0.165345262703489659E+02   -0.716726661239958275E+03
